(121, 112) (116, 90, 65)
(139, 109) (127, 99, 77)
(130, 108) (25, 9, 0)
(128, 113) (134, 98, 76)
(160, 113) (105, 68, 50)
(179, 114) (95, 59, 35)
(169, 110) (10, 2, 0)
(168, 114) (88, 61, 40)
(115, 104) (88, 72, 59)
(129, 99) (29, 26, 11)
(145, 103) (119, 93, 76)
(158, 103) (87, 62, 40)
(172, 101) (25, 15, 5)
(188, 110) (76, 41, 11)
(143, 137) (130, 100, 89)
(156, 138) (89, 52, 33)
(128, 152) (116, 86, 75)
(168, 151) (119, 88, 68)
(149, 146) (118, 69, 54)
(149, 150) (194, 167, 146)
(149, 162) (149, 91, 79)
(148, 166) (114, 74, 62)
(110, 147) (115, 90, 70)
(116, 169) (97, 76, 55)
(148, 189) (58, 42, 26)
(174, 170) (68, 38, 12)
(188, 155) (229, 218, 154)
(97, 116) (110, 78, 57)
(102, 127) (121, 90, 70)
(105, 143) (247, 228, 195)
(200, 119) (54, 13, 0)
(195, 134) (84, 30, 2)
(189, 150) (236, 217, 159)
(105, 114) (58, 50, 37)
(115, 86) (112, 95, 75)
(147, 67) (19, 18, 13)
(187, 86) (23, 18, 12)
(195, 116) (24, 11, 5)
(98, 104) (18, 15, 0)
(96, 69) (111, 102, 73)
(110, 50) (70, 59, 37)
(148, 33) (101, 91, 66)
(179, 43) (89, 85, 56)
(201, 63) (172, 164, 127)
(205, 110) (201, 195, 145)
