(113, 111) (102, 71, 50)
(132, 108) (109, 81, 60)
(123, 105) (58, 40, 26)
(124, 110) (112, 85, 64)
(154, 111) (102, 71, 50)
(169, 112) (96, 63, 30)
(162, 107) (29, 5, 0)
(162, 113) (102, 68, 40)
(108, 103) (105, 87, 73)
(122, 96) (34, 25, 18)
(134, 101) (113, 92, 73)
(149, 99) (79, 52, 33)
(164, 99) (35, 21, 8)
(177, 106) (80, 45, 17)
(137, 137) (125, 97, 85)
(149, 137) (97, 61, 35)
(123, 153) (129, 89, 77)
(157, 152) (112, 71, 49)
(142, 149) (130, 66, 54)
(141, 152) (141, 74, 65)
(141, 155) (140, 83, 72)
(141, 161) (123, 91, 70)
(104, 148) (114, 91, 60)
(112, 167) (111, 85, 62)
(140, 187) (75, 58, 40)
(167, 173) (76, 42, 15)
(179, 153) (251, 232, 176)
(94, 116) (109, 90, 76)
(98, 128) (112, 81, 63)
(101, 143) (252, 236, 202)
(194, 115) (53, 23, 0)
(189, 131) (99, 46, 14)
(186, 146) (238, 225, 157)
(98, 113) (81, 70, 52)
(112, 71) (36, 26, 14)
(139, 64) (19, 19, 11)
(170, 81) (27, 12, 5)
(186, 115) (25, 11, 2)
(91, 103) (34, 26, 15)
(89, 69) (26, 15, 0)
(112, 47) (15, 12, 7)
(132, 36) (35, 25, 13)
(166, 37) (129, 120, 87)
(190, 60) (36, 25, 7)
(197, 112) (205, 204, 140)
