(93, 177) (70, 43, 22)
(120, 179) (110, 79, 58)
(111, 171) (40, 31, 26)
(107, 181) (95, 69, 54)
(150, 183) (119, 89, 61)
(180, 179) (97, 71, 46)
(165, 175) (79, 79, 79)
(165, 183) (95, 70, 48)
(83, 160) (51, 39, 27)
(104, 164) (38, 32, 20)
(117, 166) (58, 44, 33)
(148, 170) (87, 63, 39)
(172, 168) (100, 77, 61)
(192, 165) (95, 74, 45)
(132, 225) (62, 40, 26)
(150, 227) (98, 71, 50)
(112, 249) (87, 58, 42)
(164, 242) (97, 69, 47)
(139, 244) (105, 63, 47)
(139, 250) (102, 49, 43)
(139, 253) (133, 74, 58)
(139, 261) (93, 69, 41)
(71, 222) (80, 64, 38)
(89, 272) (59, 45, 32)
(140, 292) (34, 25, 16)
(183, 272) (87, 73, 46)
(200, 231) (254, 255, 250)
(55, 158) (30, 11, 7)
(64, 181) (92, 75, 49)
(62, 209) (241, 254, 245)
(221, 162) (69, 54, 33)
(203, 191) (101, 81, 46)
(205, 214) (255, 254, 255)
(68, 163) (60, 50, 38)
(88, 119) (65, 49, 33)
(133, 98) (26, 27, 22)
(189, 123) (25, 27, 24)
(205, 170) (37, 30, 20)
(52, 148) (38, 36, 24)
(47, 102) (24, 32, 9)
(69, 45) (145, 148, 117)
(128, 32) (65, 62, 55)
(174, 31) (33, 35, 14)
(223, 75) (241, 253, 239)
(223, 152) (245, 255, 231)

