(76, 167) (85, 67, 55)
(108, 172) (103, 82, 55)
(95, 164) (32, 37, 33)
(93, 175) (102, 72, 61)
(141, 172) (81, 57, 45)
(173, 171) (75, 65, 53)
(155, 164) (51, 53, 48)
(153, 178) (89, 70, 53)
(66, 154) (89, 73, 60)
(86, 150) (75, 66, 61)
(110, 154) (89, 68, 47)
(137, 156) (67, 59, 48)
(164, 150) (47, 43, 40)
(185, 158) (60, 57, 50)
(115, 217) (92, 78, 67)
(131, 216) (55, 48, 40)
(95, 247) (113, 86, 69)
(147, 248) (88, 69, 54)
(119, 238) (97, 67, 56)
(121, 247) (132, 75, 68)
(119, 248) (131, 74, 67)
(118, 257) (85, 66, 51)
(53, 226) (93, 84, 75)
(71, 277) (77, 69, 56)
(121, 290) (54, 49, 43)
(175, 271) (66, 63, 56)
(198, 228) (253, 255, 252)
(46, 156) (37, 41, 40)
(48, 187) (124, 102, 81)
(50, 214) (72, 68, 59)
(211, 163) (37, 46, 45)
(203, 195) (97, 78, 64)
(198, 217) (75, 67, 64)
(50, 159) (36, 42, 38)
(67, 104) (43, 43, 35)
(116, 70) (40, 41, 35)
(155, 75) (33, 33, 31)
(200, 166) (35, 43, 46)
(28, 140) (64, 65, 60)
(24, 93) (44, 46, 43)
(60, 47) (41, 42, 37)
(113, 27) (32, 32, 30)
(188, 45) (34, 36, 33)
(229, 101) (254, 255, 255)
(226, 158) (120, 120, 120)

