(93, 163) (74, 51, 35)
(123, 168) (115, 82, 51)
(111, 161) (23, 24, 16)
(110, 172) (116, 82, 47)
(155, 170) (124, 93, 64)
(181, 166) (83, 59, 35)
(167, 162) (101, 102, 97)
(167, 173) (128, 97, 69)
(88, 151) (81, 54, 37)
(108, 154) (89, 68, 51)
(121, 154) (69, 54, 31)
(154, 158) (75, 53, 32)
(171, 152) (44, 35, 20)
(192, 156) (112, 88, 60)
(133, 209) (82, 54, 33)
(149, 215) (109, 78, 50)
(112, 238) (105, 70, 51)
(163, 238) (102, 82, 45)
(140, 234) (91, 51, 41)
(139, 239) (124, 65, 51)
(139, 242) (136, 71, 53)
(138, 248) (76, 44, 21)
(70, 209) (82, 73, 44)
(84, 254) (69, 52, 34)
(135, 283) (33, 24, 17)
(184, 258) (110, 99, 81)
(200, 218) (254, 255, 253)
(55, 146) (34, 25, 20)
(65, 173) (103, 83, 58)
(66, 200) (252, 255, 236)
(216, 154) (47, 35, 23)
(208, 175) (146, 121, 80)
(202, 203) (255, 255, 234)
(69, 149) (52, 43, 28)
(91, 110) (81, 60, 41)
(126, 83) (21, 23, 22)
(163, 102) (29, 29, 27)
(205, 160) (34, 31, 24)
(53, 141) (43, 34, 25)
(50, 81) (39, 37, 24)
(85, 34) (72, 72, 44)
(131, 19) (136, 135, 117)
(188, 27) (94, 93, 72)
(230, 85) (252, 253, 247)
(224, 153) (255, 255, 250)

