(89, 168) (94, 72, 58)
(122, 174) (98, 70, 48)
(109, 161) (26, 25, 21)
(105, 173) (85, 63, 49)
(153, 170) (62, 49, 40)
(184, 171) (69, 56, 47)
(168, 163) (30, 30, 28)
(169, 174) (75, 67, 56)
(84, 152) (85, 67, 53)
(105, 148) (54, 47, 39)
(124, 152) (71, 59, 45)
(154, 150) (37, 34, 25)
(174, 147) (46, 42, 39)
(196, 153) (44, 43, 39)
(130, 217) (87, 70, 62)
(149, 218) (61, 52, 45)
(109, 244) (100, 73, 62)
(169, 234) (52, 39, 31)
(144, 239) (54, 47, 41)
(143, 241) (71, 58, 50)
(139, 248) (118, 67, 63)
(139, 256) (72, 56, 43)
(70, 230) (94, 78, 63)
(85, 275) (70, 63, 53)
(139, 292) (40, 39, 35)
(188, 267) (57, 56, 51)
(207, 236) (252, 255, 251)
(55, 157) (33, 37, 36)
(59, 188) (104, 79, 57)
(59, 214) (240, 239, 235)
(225, 163) (30, 39, 38)
(213, 195) (84, 71, 63)
(213, 220) (80, 85, 81)
(64, 162) (44, 42, 29)
(89, 94) (42, 35, 27)
(145, 72) (33, 34, 26)
(193, 106) (24, 26, 25)
(215, 171) (35, 37, 36)
(43, 145) (41, 45, 44)
(38, 113) (48, 48, 46)
(57, 54) (53, 55, 50)
(127, 26) (34, 34, 32)
(192, 39) (24, 26, 25)
(241, 89) (255, 255, 255)
(242, 164) (240, 240, 240)

