(95, 146) (122, 92, 68)
(129, 149) (123, 93, 69)
(111, 139) (103, 103, 93)
(108, 150) (111, 84, 65)
(156, 149) (82, 69, 60)
(185, 151) (96, 80, 67)
(169, 144) (100, 101, 93)
(170, 155) (94, 78, 62)
(91, 129) (134, 98, 74)
(106, 123) (110, 87, 71)
(128, 131) (113, 84, 66)
(163, 131) (70, 61, 54)
(180, 127) (91, 78, 62)
(196, 134) (91, 81, 69)
(134, 182) (107, 81, 68)
(150, 184) (71, 58, 50)
(105, 201) (76, 50, 37)
(172, 202) (84, 72, 60)
(138, 204) (120, 82, 71)
(138, 208) (149, 111, 100)
(137, 213) (139, 107, 94)
(138, 219) (105, 83, 72)
(66, 209) (122, 108, 97)
(95, 249) (101, 86, 67)
(139, 258) (82, 74, 63)
(177, 247) (96, 87, 78)
(198, 216) (255, 254, 251)
(46, 146) (67, 59, 56)
(52, 176) (145, 104, 86)
(56, 202) (255, 255, 251)
(226, 150) (71, 76, 72)
(212, 183) (105, 86, 79)
(204, 212) (255, 255, 253)
(67, 138) (98, 79, 64)
(83, 93) (89, 72, 54)
(134, 68) (112, 87, 67)
(189, 91) (71, 61, 51)
(210, 157) (65, 67, 64)
(30, 155) (255, 255, 255)
(56, 87) (76, 72, 61)
(76, 48) (95, 94, 90)
(137, 30) (70, 70, 70)
(187, 47) (58, 58, 56)
(231, 106) (254, 254, 255)
(242, 150) (255, 255, 255)
