(84, 145) (93, 66, 49)
(112, 149) (99, 74, 52)
(99, 140) (59, 52, 44)
(99, 153) (105, 72, 57)
(141, 146) (68, 54, 41)
(167, 150) (86, 69, 59)
(154, 142) (65, 60, 54)
(153, 155) (89, 63, 50)
(77, 129) (105, 78, 61)
(96, 123) (68, 50, 38)
(113, 132) (90, 67, 53)
(143, 132) (63, 51, 39)
(164, 125) (72, 59, 43)
(177, 133) (75, 62, 53)
(120, 179) (87, 65, 52)
(136, 182) (73, 53, 44)
(94, 204) (78, 55, 41)
(154, 206) (85, 67, 53)
(123, 199) (93, 59, 49)
(125, 206) (118, 80, 67)
(125, 206) (118, 80, 67)
(125, 213) (86, 64, 53)
(59, 206) (104, 86, 74)
(92, 242) (85, 69, 54)
(131, 254) (69, 62, 52)
(176, 232) (255, 255, 253)
(182, 207) (211, 208, 201)
(40, 146) (113, 79, 70)
(46, 177) (123, 89, 79)
(48, 201) (254, 255, 255)
(208, 144) (56, 57, 51)
(197, 180) (105, 83, 70)
(191, 203) (255, 245, 239)
(52, 147) (57, 50, 42)
(61, 109) (91, 70, 51)
(120, 73) (100, 73, 54)
(172, 86) (46, 43, 34)
(191, 140) (45, 50, 46)
(32, 135) (49, 52, 43)
(42, 87) (69, 66, 59)
(71, 50) (53, 52, 47)
(118, 37) (60, 57, 52)
(167, 46) (56, 56, 56)
(204, 83) (254, 253, 251)
(218, 137) (50, 51, 45)
