(86, 172) (116, 89, 68)
(118, 170) (120, 91, 75)
(105, 163) (46, 47, 41)
(105, 172) (97, 67, 56)
(150, 171) (110, 84, 71)
(182, 170) (85, 71, 60)
(166, 167) (61, 62, 56)
(166, 175) (101, 72, 64)
(87, 160) (102, 80, 67)
(97, 152) (60, 52, 41)
(118, 155) (90, 68, 54)
(154, 155) (63, 53, 44)
(180, 153) (75, 65, 53)
(189, 160) (90, 78, 66)
(123, 211) (85, 69, 56)
(141, 212) (52, 47, 41)
(105, 231) (88, 71, 61)
(155, 233) (75, 65, 53)
(130, 230) (86, 69, 61)
(130, 232) (95, 76, 70)
(129, 239) (138, 79, 71)
(130, 248) (67, 57, 45)
(65, 228) (51, 42, 37)
(89, 269) (59, 55, 43)
(130, 286) (47, 40, 32)
(176, 263) (69, 68, 63)
(197, 229) (255, 254, 253)
(53, 161) (67, 56, 50)
(58, 189) (103, 80, 72)
(57, 211) (247, 233, 222)
(215, 171) (247, 236, 234)
(207, 199) (123, 96, 85)
(208, 219) (255, 255, 253)
(63, 158) (72, 65, 55)
(79, 113) (69, 56, 39)
(136, 94) (39, 40, 35)
(191, 115) (62, 58, 49)
(206, 171) (65, 65, 63)
(53, 151) (50, 52, 51)
(48, 99) (49, 49, 47)
(76, 59) (41, 42, 37)
(138, 36) (54, 53, 48)
(187, 58) (129, 134, 127)
(223, 103) (255, 255, 251)
(216, 160) (255, 255, 255)

