(93, 165) (96, 77, 62)
(124, 163) (120, 95, 75)
(107, 159) (38, 37, 32)
(106, 168) (99, 67, 52)
(154, 165) (105, 82, 68)
(184, 164) (103, 89, 76)
(168, 158) (43, 44, 38)
(168, 168) (103, 75, 61)
(86, 155) (110, 87, 71)
(96, 147) (88, 70, 56)
(120, 149) (90, 68, 54)
(156, 149) (74, 61, 52)
(183, 147) (90, 78, 66)
(194, 150) (98, 86, 70)
(128, 208) (84, 74, 64)
(146, 207) (48, 48, 40)
(101, 224) (112, 84, 73)
(172, 222) (106, 88, 74)
(139, 218) (80, 57, 41)
(139, 221) (137, 122, 101)
(135, 239) (131, 83, 73)
(135, 245) (92, 76, 60)
(66, 217) (66, 57, 50)
(89, 260) (61, 55, 41)
(141, 281) (40, 41, 35)
(191, 250) (84, 80, 69)
(205, 217) (253, 252, 250)
(56, 161) (59, 51, 48)
(61, 187) (114, 95, 78)
(58, 209) (241, 241, 241)
(217, 155) (51, 51, 49)
(213, 182) (132, 105, 94)
(214, 208) (255, 254, 255)
(65, 153) (71, 63, 52)
(73, 110) (70, 62, 49)
(130, 78) (46, 47, 42)
(187, 96) (50, 50, 42)
(206, 152) (63, 62, 57)
(47, 141) (196, 196, 196)
(45, 99) (64, 64, 64)
(64, 62) (84, 84, 82)
(132, 38) (54, 55, 47)
(178, 53) (50, 49, 44)
(216, 85) (51, 49, 50)
(224, 142) (255, 255, 255)

