(73, 188) (95, 70, 50)
(103, 188) (140, 119, 100)
(91, 182) (74, 75, 70)
(87, 194) (133, 110, 92)
(148, 191) (119, 102, 95)
(180, 194) (109, 87, 63)
(163, 184) (12, 11, 9)
(163, 197) (121, 101, 90)
(69, 173) (96, 79, 59)
(91, 169) (26, 26, 18)
(109, 179) (95, 78, 62)
(142, 176) (65, 55, 43)
(166, 172) (47, 43, 32)
(191, 180) (95, 77, 53)
(113, 236) (108, 87, 70)
(135, 238) (107, 78, 72)
(96, 266) (126, 104, 83)
(151, 269) (106, 90, 56)
(121, 258) (119, 82, 66)
(120, 264) (139, 94, 91)
(122, 268) (152, 114, 105)
(120, 276) (109, 82, 61)
(56, 247) (108, 97, 75)
(71, 282) (105, 94, 74)
(126, 309) (93, 81, 65)
(176, 290) (98, 90, 71)
(201, 251) (244, 255, 241)
(39, 179) (143, 115, 91)
(48, 207) (148, 120, 98)
(46, 239) (255, 255, 244)
(229, 184) (114, 88, 65)
(216, 220) (106, 71, 52)
(211, 246) (238, 241, 224)
(55, 176) (104, 84, 60)
(66, 132) (38, 32, 20)
(124, 118) (25, 22, 17)
(184, 133) (29, 31, 30)
(207, 184) (29, 30, 24)
(43, 159) (52, 57, 51)
(43, 90) (88, 90, 85)
(72, 46) (24, 29, 22)
(136, 39) (50, 51, 43)
(206, 52) (27, 33, 29)
(242, 116) (227, 255, 243)
(229, 176) (175, 189, 174)
