(75, 166) (114, 88, 63)
(108, 168) (142, 120, 96)
(91, 160) (10, 15, 9)
(89, 171) (142, 121, 104)
(150, 171) (150, 118, 105)
(183, 170) (112, 88, 62)
(167, 163) (32, 33, 28)
(164, 175) (140, 118, 105)
(68, 151) (88, 67, 46)
(90, 147) (36, 37, 29)
(117, 157) (101, 84, 64)
(147, 156) (83, 66, 46)
(173, 151) (80, 67, 58)
(193, 161) (108, 83, 52)
(118, 212) (73, 44, 30)
(143, 215) (87, 59, 48)
(100, 246) (140, 114, 91)
(151, 247) (125, 97, 73)
(128, 236) (125, 87, 76)
(127, 242) (161, 107, 107)
(126, 248) (165, 119, 119)
(128, 253) (113, 80, 61)
(53, 220) (127, 108, 76)
(68, 255) (121, 108, 89)
(124, 289) (57, 44, 28)
(181, 259) (102, 93, 78)
(196, 229) (254, 249, 246)
(30, 154) (166, 129, 100)
(43, 187) (173, 147, 120)
(38, 210) (145, 116, 98)
(218, 161) (88, 51, 35)
(210, 195) (137, 105, 84)
(203, 219) (94, 86, 75)
(47, 160) (57, 45, 29)
(68, 112) (105, 83, 59)
(126, 104) (57, 44, 35)
(189, 116) (39, 34, 28)
(205, 164) (30, 23, 13)
(37, 141) (25, 26, 18)
(28, 81) (29, 31, 26)
(62, 31) (31, 29, 32)
(127, 20) (29, 31, 28)
(203, 31) (17, 29, 19)
(230, 81) (237, 255, 250)
(222, 150) (233, 251, 251)
