(76, 179) (90, 78, 66)
(111, 180) (67, 57, 47)
(97, 175) (53, 52, 47)
(95, 185) (112, 87, 65)
(150, 181) (93, 73, 62)
(178, 182) (112, 91, 74)
(165, 177) (45, 47, 42)
(164, 185) (126, 93, 78)
(66, 159) (69, 68, 63)
(93, 140) (62, 59, 52)
(115, 150) (71, 65, 49)
(149, 149) (66, 62, 53)
(173, 147) (50, 54, 55)
(194, 161) (72, 64, 53)
(123, 209) (43, 35, 33)
(143, 211) (41, 15, 0)
(107, 248) (81, 64, 54)
(158, 247) (77, 61, 48)
(133, 237) (114, 74, 66)
(133, 244) (122, 73, 66)
(132, 246) (129, 74, 67)
(131, 254) (88, 65, 49)
(51, 250) (77, 77, 67)
(70, 281) (67, 65, 53)
(130, 293) (77, 74, 65)
(181, 277) (106, 99, 83)
(199, 254) (253, 253, 251)
(25, 173) (101, 85, 72)
(36, 210) (106, 73, 64)
(37, 236) (250, 250, 248)
(222, 187) (139, 116, 98)
(211, 216) (152, 118, 93)
(206, 243) (255, 249, 236)
(47, 172) (98, 86, 74)
(56, 131) (78, 70, 57)
(127, 83) (40, 46, 44)
(197, 109) (43, 50, 43)
(210, 168) (41, 49, 51)
(25, 159) (52, 63, 65)
(17, 113) (66, 75, 74)
(50, 65) (49, 58, 57)
(133, 29) (64, 74, 73)
(195, 46) (197, 211, 212)
(225, 85) (44, 55, 61)
(228, 159) (247, 255, 255)
