(75, 178) (86, 73, 64)
(113, 178) (81, 71, 62)
(93, 172) (36, 42, 40)
(93, 183) (124, 96, 84)
(149, 175) (112, 79, 64)
(183, 172) (137, 102, 82)
(166, 168) (71, 75, 78)
(167, 178) (153, 126, 105)
(65, 162) (77, 70, 60)
(86, 154) (51, 52, 47)
(108, 155) (63, 60, 51)
(144, 153) (87, 83, 71)
(175, 146) (59, 61, 60)
(197, 156) (136, 109, 88)
(123, 218) (85, 75, 65)
(143, 220) (133, 106, 85)
(110, 255) (88, 69, 62)
(162, 249) (132, 102, 78)
(132, 242) (110, 73, 65)
(133, 249) (136, 88, 76)
(134, 252) (138, 90, 76)
(134, 259) (87, 74, 65)
(59, 240) (84, 80, 71)
(76, 276) (94, 88, 72)
(135, 297) (59, 59, 49)
(188, 268) (114, 101, 85)
(211, 230) (253, 253, 253)
(39, 158) (71, 71, 69)
(45, 192) (107, 74, 67)
(49, 222) (108, 97, 79)
(234, 155) (162, 135, 126)
(222, 194) (157, 104, 88)
(218, 219) (127, 117, 108)
(50, 153) (96, 88, 77)
(69, 90) (51, 53, 50)
(133, 82) (94, 85, 76)
(193, 80) (47, 56, 51)
(216, 152) (49, 55, 55)
(27, 147) (255, 255, 255)
(22, 95) (64, 73, 72)
(51, 38) (90, 96, 96)
(132, 4) (84, 93, 98)
(198, 16) (251, 255, 255)
(237, 63) (237, 241, 242)
(231, 148) (246, 250, 251)
