(73, 179) (67, 58, 53)
(107, 181) (70, 61, 54)
(93, 172) (50, 56, 56)
(92, 184) (87, 70, 62)
(150, 185) (103, 75, 61)
(181, 188) (113, 80, 63)
(166, 178) (81, 86, 90)
(166, 190) (98, 69, 53)
(68, 165) (74, 65, 58)
(85, 156) (47, 51, 52)
(112, 163) (69, 60, 51)
(150, 167) (85, 67, 57)
(176, 163) (91, 80, 74)
(191, 167) (97, 82, 75)
(117, 228) (66, 53, 45)
(140, 231) (117, 82, 63)
(93, 257) (83, 63, 54)
(154, 258) (99, 73, 56)
(124, 246) (117, 85, 70)
(124, 256) (93, 48, 42)
(123, 260) (134, 88, 75)
(124, 274) (89, 61, 57)
(54, 255) (83, 83, 73)
(73, 292) (73, 66, 60)
(118, 311) (73, 66, 58)
(169, 286) (109, 86, 68)
(189, 253) (103, 82, 65)
(29, 182) (67, 66, 61)
(36, 216) (89, 81, 70)
(41, 251) (255, 255, 251)
(213, 195) (95, 78, 68)
(201, 229) (114, 76, 55)
(195, 255) (115, 97, 75)
(49, 167) (48, 50, 49)
(70, 104) (54, 54, 52)
(133, 89) (58, 55, 50)
(189, 113) (42, 47, 51)
(196, 177) (54, 53, 49)
(24, 163) (63, 71, 74)
(28, 95) (243, 243, 245)
(78, 41) (62, 68, 68)
(127, 41) (219, 237, 239)
(172, 45) (44, 50, 50)
(219, 106) (56, 66, 68)
(226, 173) (255, 255, 255)
