(78, 161) (69, 65, 62)
(110, 161) (55, 52, 47)
(94, 156) (44, 54, 63)
(95, 167) (90, 71, 57)
(152, 166) (104, 71, 64)
(183, 167) (102, 77, 57)
(169, 158) (64, 74, 73)
(168, 172) (119, 88, 68)
(67, 144) (62, 61, 56)
(88, 135) (51, 56, 59)
(109, 142) (53, 57, 58)
(150, 145) (82, 70, 58)
(170, 140) (59, 59, 57)
(190, 147) (77, 68, 63)
(120, 208) (62, 53, 46)
(140, 208) (75, 46, 30)
(100, 236) (63, 56, 50)
(157, 238) (113, 91, 77)
(125, 227) (110, 80, 69)
(125, 237) (107, 58, 53)
(125, 240) (128, 79, 65)
(124, 253) (84, 62, 51)
(58, 231) (102, 107, 103)
(80, 271) (73, 64, 57)
(131, 287) (83, 74, 59)
(180, 263) (108, 85, 67)
(193, 237) (249, 253, 254)
(34, 163) (67, 67, 67)
(44, 205) (97, 80, 70)
(49, 232) (255, 255, 250)
(223, 170) (71, 66, 62)
(209, 208) (101, 74, 57)
(201, 235) (254, 253, 249)
(50, 161) (45, 49, 48)
(65, 111) (61, 57, 54)
(120, 73) (75, 62, 53)
(196, 90) (38, 46, 49)
(206, 146) (40, 53, 62)
(32, 138) (57, 65, 68)
(34, 84) (82, 90, 92)
(66, 31) (52, 55, 64)
(129, 23) (148, 158, 160)
(188, 31) (252, 255, 255)
(232, 82) (244, 249, 252)
(231, 158) (246, 247, 249)
