(88, 167) (107, 78, 64)
(116, 166) (94, 67, 56)
(106, 159) (109, 109, 107)
(99, 172) (132, 91, 69)
(149, 169) (127, 100, 83)
(178, 167) (71, 56, 49)
(162, 163) (48, 52, 51)
(162, 172) (97, 61, 49)
(80, 151) (103, 77, 54)
(100, 146) (70, 60, 50)
(117, 156) (82, 62, 53)
(153, 157) (55, 47, 44)
(172, 145) (77, 67, 57)
(182, 158) (95, 69, 52)
(121, 202) (92, 84, 82)
(143, 203) (57, 42, 37)
(108, 232) (105, 90, 85)
(154, 234) (89, 72, 62)
(132, 223) (91, 62, 56)
(132, 231) (152, 87, 83)
(131, 236) (141, 91, 82)
(131, 246) (66, 56, 54)
(63, 222) (88, 71, 51)
(85, 257) (60, 55, 51)
(131, 276) (35, 39, 40)
(182, 247) (50, 52, 41)
(195, 221) (231, 248, 238)
(52, 160) (91, 72, 58)
(57, 186) (103, 77, 60)
(55, 213) (113, 107, 91)
(202, 168) (200, 213, 204)
(197, 195) (82, 62, 53)
(196, 218) (210, 226, 215)
(66, 144) (97, 76, 59)
(85, 98) (37, 45, 48)
(141, 89) (46, 48, 47)
(186, 102) (34, 39, 42)
(196, 164) (31, 41, 40)
(45, 153) (38, 46, 48)
(42, 100) (27, 38, 40)
(62, 57) (116, 138, 136)
(129, 38) (43, 53, 54)
(173, 48) (72, 82, 83)
(223, 94) (82, 98, 95)
(206, 161) (171, 198, 189)
