(90, 194) (80, 57, 49)
(117, 196) (78, 61, 51)
(107, 188) (88, 83, 77)
(103, 197) (87, 65, 54)
(152, 199) (82, 59, 45)
(175, 202) (89, 63, 50)
(166, 193) (42, 41, 39)
(166, 203) (98, 70, 56)
(88, 171) (69, 56, 48)
(108, 173) (67, 56, 52)
(116, 182) (77, 61, 46)
(152, 182) (94, 67, 48)
(172, 172) (92, 70, 56)
(188, 187) (88, 64, 52)
(121, 231) (33, 36, 25)
(144, 231) (106, 73, 56)
(105, 263) (66, 53, 45)
(154, 268) (79, 60, 45)
(128, 258) (83, 58, 51)
(129, 263) (81, 56, 49)
(129, 270) (122, 72, 61)
(128, 279) (62, 48, 35)
(56, 248) (75, 68, 62)
(76, 291) (53, 52, 48)
(132, 313) (59, 52, 44)
(180, 288) (80, 73, 67)
(193, 262) (255, 255, 255)
(56, 186) (44, 46, 43)
(52, 216) (77, 62, 55)
(50, 240) (74, 66, 63)
(206, 199) (222, 217, 214)
(201, 228) (92, 68, 56)
(199, 252) (255, 255, 253)
(61, 178) (52, 47, 44)
(84, 123) (56, 47, 42)
(139, 116) (58, 49, 44)
(184, 128) (75, 56, 50)
(199, 197) (43, 42, 40)
(46, 168) (60, 66, 64)
(55, 106) (47, 49, 48)
(90, 66) (205, 206, 208)
(148, 64) (198, 202, 203)
(185, 93) (210, 220, 219)
(226, 138) (245, 251, 249)
(211, 193) (255, 255, 255)


