(90, 180) (49, 44, 40)
(121, 182) (66, 51, 46)
(110, 176) (77, 70, 60)
(109, 186) (84, 61, 43)
(153, 185) (91, 65, 50)
(182, 184) (68, 51, 43)
(169, 181) (66, 62, 61)
(169, 188) (82, 62, 51)
(87, 164) (70, 53, 43)
(106, 154) (73, 61, 49)
(126, 171) (83, 60, 44)
(159, 171) (74, 54, 43)
(179, 160) (69, 59, 50)
(193, 174) (88, 64, 54)
(127, 219) (61, 52, 43)
(150, 220) (99, 70, 54)
(111, 250) (65, 52, 46)
(160, 254) (73, 56, 46)
(138, 242) (81, 56, 51)
(138, 249) (100, 54, 54)
(138, 253) (119, 72, 64)
(135, 263) (54, 40, 31)
(64, 245) (68, 61, 51)
(93, 285) (48, 47, 43)
(139, 296) (57, 48, 39)
(183, 267) (76, 62, 49)
(201, 238) (244, 231, 222)
(53, 175) (59, 58, 54)
(55, 208) (69, 59, 50)
(54, 232) (153, 148, 145)
(210, 189) (255, 254, 255)
(208, 212) (255, 254, 250)
(202, 233) (75, 65, 55)
(65, 166) (61, 51, 42)
(76, 115) (46, 45, 41)
(140, 103) (56, 49, 39)
(197, 115) (35, 41, 41)
(203, 175) (45, 47, 46)
(46, 165) (58, 64, 62)
(45, 121) (192, 196, 199)
(78, 63) (81, 81, 81)
(140, 50) (114, 124, 125)
(182, 74) (214, 228, 228)
(218, 108) (66, 70, 69)
(215, 175) (253, 255, 254)
