(84, 176) (83, 63, 52)
(109, 177) (91, 65, 50)
(97, 173) (49, 49, 47)
(96, 179) (106, 85, 82)
(143, 175) (124, 109, 104)
(167, 174) (56, 47, 42)
(158, 173) (28, 30, 27)
(157, 181) (103, 76, 67)
(73, 161) (95, 77, 57)
(93, 152) (91, 82, 75)
(108, 166) (76, 55, 50)
(146, 158) (80, 64, 51)
(165, 155) (97, 81, 68)
(181, 168) (96, 78, 54)
(114, 212) (125, 98, 87)
(135, 212) (74, 49, 42)
(102, 242) (112, 92, 85)
(149, 243) (87, 70, 60)
(125, 232) (93, 68, 61)
(125, 238) (121, 73, 71)
(123, 241) (162, 95, 79)
(123, 252) (41, 30, 24)
(62, 244) (92, 72, 61)
(92, 269) (59, 56, 49)
(138, 284) (49, 50, 54)
(186, 255) (236, 245, 240)
(191, 235) (235, 238, 231)
(51, 180) (93, 73, 64)
(53, 206) (121, 90, 72)
(54, 238) (209, 238, 233)
(201, 179) (24, 33, 30)
(198, 208) (109, 81, 60)
(195, 233) (219, 239, 227)
(60, 150) (57, 48, 43)
(82, 110) (27, 41, 42)
(128, 99) (53, 49, 46)
(180, 108) (28, 32, 31)
(191, 175) (39, 44, 40)
(47, 167) (28, 36, 39)
(38, 108) (44, 60, 60)
(65, 65) (51, 62, 64)
(120, 56) (38, 46, 49)
(180, 67) (62, 75, 68)
(222, 119) (102, 121, 119)
(211, 175) (208, 235, 230)
