(93, 138) (94, 115, 116)
(114, 137) (89, 77, 65)
(104, 133) (46, 80, 82)
(103, 143) (117, 118, 120)
(148, 135) (85, 74, 70)
(166, 135) (101, 70, 39)
(158, 131) (57, 38, 23)
(157, 136) (123, 92, 74)
(86, 124) (64, 64, 54)
(98, 117) (52, 51, 49)
(117, 121) (106, 97, 88)
(145, 121) (106, 86, 75)
(162, 113) (78, 65, 46)
(173, 120) (93, 69, 43)
(120, 169) (78, 64, 61)
(139, 170) (101, 65, 49)
(114, 195) (56, 32, 28)
(149, 195) (106, 76, 65)
(131, 185) (92, 59, 52)
(130, 190) (149, 149, 139)
(130, 197) (116, 55, 52)
(132, 205) (63, 43, 34)
(86, 202) (135, 116, 84)
(94, 216) (69, 71, 58)
(131, 236) (42, 39, 32)
(175, 211) (79, 61, 39)
(185, 193) (66, 53, 36)
(65, 146) (38, 39, 33)
(68, 172) (90, 71, 57)
(77, 195) (243, 217, 182)
(198, 146) (37, 21, 21)
(201, 171) (181, 169, 129)
(189, 195) (140, 121, 91)
(79, 139) (83, 69, 56)
(85, 101) (55, 52, 45)
(129, 77) (16, 18, 15)
(176, 87) (36, 30, 18)
(188, 126) (14, 18, 21)
(56, 131) (36, 33, 24)
(62, 88) (17, 22, 25)
(87, 62) (31, 41, 42)
(132, 50) (35, 31, 22)
(178, 68) (24, 27, 16)
(203, 99) (108, 97, 75)
(211, 136) (68, 62, 38)
