(92, 128) (98, 110, 110)
(112, 128) (81, 71, 61)
(103, 124) (56, 86, 86)
(102, 130) (115, 131, 130)
(142, 124) (110, 111, 113)
(162, 124) (109, 82, 53)
(152, 120) (45, 37, 24)
(152, 127) (112, 79, 60)
(86, 114) (68, 68, 66)
(97, 105) (64, 60, 57)
(113, 111) (97, 83, 80)
(137, 110) (101, 82, 68)
(154, 104) (65, 52, 36)
(169, 109) (80, 55, 33)
(118, 157) (67, 62, 56)
(135, 158) (111, 85, 72)
(112, 181) (41, 29, 17)
(147, 181) (104, 77, 60)
(131, 170) (100, 60, 50)
(129, 174) (94, 81, 72)
(130, 184) (109, 59, 50)
(129, 193) (70, 51, 44)
(86, 186) (102, 91, 71)
(98, 207) (71, 68, 53)
(133, 222) (38, 37, 32)
(172, 198) (115, 95, 70)
(180, 187) (89, 75, 49)
(70, 139) (17, 18, 12)
(68, 163) (94, 73, 54)
(79, 182) (91, 74, 46)
(195, 136) (32, 25, 15)
(196, 160) (107, 87, 52)
(186, 181) (105, 90, 61)
(76, 127) (73, 65, 52)
(87, 88) (36, 35, 30)
(124, 67) (14, 16, 15)
(169, 75) (57, 44, 25)
(187, 122) (9, 18, 17)
(58, 123) (28, 29, 23)
(60, 83) (18, 22, 23)
(83, 50) (109, 107, 84)
(123, 37) (134, 128, 104)
(155, 48) (108, 103, 81)
(194, 77) (57, 54, 35)
(211, 124) (181, 170, 138)
