(114, 113) (68, 56, 42)
(133, 113) (58, 52, 40)
(123, 107) (28, 23, 17)
(125, 115) (64, 47, 37)
(159, 114) (83, 57, 44)
(182, 114) (121, 84, 55)
(169, 109) (19, 16, 9)
(167, 115) (101, 73, 52)
(110, 97) (94, 126, 123)
(120, 92) (71, 58, 39)
(133, 100) (70, 53, 35)
(156, 100) (196, 221, 228)
(170, 97) (110, 89, 70)
(181, 100) (93, 50, 15)
(138, 138) (63, 45, 31)
(152, 140) (140, 91, 59)
(129, 159) (60, 45, 38)
(162, 159) (126, 92, 67)
(146, 152) (87, 58, 40)
(147, 160) (168, 86, 74)
(147, 160) (168, 86, 74)
(147, 168) (76, 44, 31)
(108, 156) (60, 56, 44)
(120, 177) (52, 44, 41)
(146, 195) (39, 32, 24)
(174, 178) (77, 50, 23)
(187, 158) (14, 20, 20)
(94, 118) (31, 27, 26)
(90, 137) (54, 47, 39)
(101, 152) (14, 16, 13)
(204, 116) (34, 29, 23)
(206, 135) (22, 23, 15)
(193, 154) (18, 13, 10)
(102, 91) (19, 22, 13)
(111, 68) (54, 46, 35)
(141, 58) (80, 55, 33)
(176, 68) (45, 34, 16)
(195, 101) (17, 18, 13)
(83, 101) (33, 24, 9)
(91, 77) (39, 31, 29)
(106, 48) (43, 42, 24)
(148, 32) (36, 37, 29)
(188, 54) (42, 39, 24)
(203, 79) (26, 21, 15)
(205, 108) (19, 20, 15)
