(86, 133) (72, 46, 23)
(112, 133) (109, 80, 40)
(101, 127) (49, 34, 11)
(100, 137) (109, 71, 35)
(146, 132) (101, 72, 32)
(172, 133) (89, 58, 27)
(159, 127) (50, 36, 23)
(160, 136) (117, 78, 35)
(78, 115) (87, 59, 12)
(100, 107) (93, 70, 29)
(115, 112) (112, 76, 28)
(148, 114) (135, 101, 55)
(166, 106) (129, 101, 54)
(181, 113) (100, 82, 44)
(125, 167) (79, 49, 23)
(141, 165) (69, 37, 16)
(111, 195) (47, 22, 2)
(159, 193) (111, 73, 37)
(134, 184) (119, 71, 33)
(131, 192) (86, 36, 9)
(135, 200) (193, 107, 74)
(133, 214) (92, 65, 35)
(77, 193) (62, 45, 25)
(90, 217) (58, 37, 18)
(130, 247) (50, 38, 24)
(175, 220) (44, 37, 19)
(189, 185) (36, 33, 18)
(54, 147) (33, 29, 17)
(50, 171) (92, 70, 46)
(67, 191) (28, 24, 13)
(200, 132) (44, 36, 25)
(207, 154) (42, 36, 24)
(197, 170) (32, 30, 17)
(62, 133) (36, 30, 14)
(75, 92) (72, 52, 27)
(125, 55) (75, 56, 26)
(172, 74) (54, 41, 24)
(191, 120) (34, 28, 4)
(41, 122) (44, 39, 19)
(55, 79) (42, 36, 12)
(78, 50) (45, 33, 17)
(128, 28) (35, 33, 18)
(177, 49) (50, 38, 22)
(203, 89) (76, 63, 28)
(210, 123) (65, 49, 23)
