(101, 145) (72, 52, 41)
(119, 146) (62, 44, 32)
(111, 141) (15, 11, 2)
(109, 147) (56, 30, 17)
(144, 144) (59, 36, 22)
(161, 143) (79, 45, 20)
(151, 140) (62, 46, 33)
(151, 145) (69, 40, 22)
(94, 133) (72, 57, 38)
(106, 127) (25, 21, 12)
(121, 132) (76, 53, 37)
(139, 130) (59, 40, 26)
(154, 127) (44, 30, 19)
(166, 130) (97, 56, 26)
(123, 172) (56, 32, 20)
(137, 172) (90, 55, 35)
(112, 186) (18, 8, 0)
(147, 186) (87, 56, 36)
(131, 181) (75, 34, 28)
(131, 185) (58, 38, 27)
(130, 194) (76, 37, 30)
(132, 200) (74, 45, 29)
(91, 179) (184, 167, 123)
(101, 201) (156, 138, 90)
(128, 220) (49, 30, 16)
(162, 203) (80, 50, 24)
(172, 179) (206, 198, 152)
(78, 139) (117, 66, 47)
(73, 152) (87, 40, 10)
(82, 167) (210, 179, 133)
(186, 132) (179, 151, 114)
(189, 146) (190, 165, 125)
(178, 167) (205, 197, 150)
(86, 122) (74, 52, 29)
(98, 95) (36, 30, 18)
(133, 87) (40, 26, 13)
(162, 95) (11, 10, 6)
(173, 127) (25, 19, 5)
(73, 117) (34, 27, 9)
(79, 88) (59, 55, 30)
(103, 61) (24, 23, 18)
(141, 57) (47, 41, 27)
(178, 71) (26, 19, 0)
(189, 91) (174, 170, 132)
(185, 126) (189, 185, 156)
