(87, 138) (74, 49, 29)
(116, 139) (95, 66, 26)
(101, 129) (124, 92, 54)
(103, 143) (84, 51, 18)
(150, 138) (124, 88, 54)
(177, 137) (96, 62, 27)
(166, 130) (118, 87, 56)
(165, 145) (118, 83, 43)
(82, 121) (105, 73, 32)
(96, 114) (63, 40, 8)
(119, 119) (110, 73, 28)
(151, 119) (154, 119, 77)
(163, 110) (132, 106, 57)
(181, 118) (110, 84, 47)
(124, 171) (73, 54, 39)
(146, 171) (64, 33, 5)
(112, 199) (82, 48, 23)
(164, 197) (127, 94, 51)
(137, 188) (115, 72, 37)
(137, 195) (144, 101, 66)
(136, 206) (189, 110, 77)
(138, 218) (59, 43, 18)
(75, 199) (44, 35, 20)
(97, 228) (57, 40, 22)
(133, 253) (45, 32, 16)
(175, 223) (50, 38, 24)
(188, 188) (37, 26, 8)
(54, 145) (25, 26, 20)
(45, 172) (29, 20, 5)
(64, 191) (66, 43, 25)
(200, 134) (38, 35, 20)
(211, 156) (37, 35, 20)
(196, 174) (34, 34, 22)
(63, 139) (42, 36, 24)
(75, 96) (63, 51, 29)
(127, 58) (64, 48, 22)
(172, 73) (40, 33, 17)
(193, 120) (32, 30, 15)
(38, 129) (39, 41, 19)
(54, 82) (37, 34, 17)
(83, 49) (45, 43, 28)
(126, 32) (28, 28, 16)
(177, 50) (53, 48, 8)
(203, 94) (82, 70, 32)
(212, 137) (64, 48, 32)
