(90, 145) (52, 34, 24)
(109, 147) (58, 41, 23)
(101, 140) (24, 15, 8)
(100, 149) (68, 46, 33)
(132, 145) (72, 43, 27)
(150, 143) (88, 52, 30)
(141, 137) (34, 20, 7)
(141, 145) (80, 52, 31)
(85, 132) (68, 57, 35)
(97, 128) (14, 16, 15)
(109, 129) (57, 41, 26)
(129, 129) (59, 42, 24)
(142, 124) (41, 28, 19)
(156, 128) (94, 54, 28)
(115, 172) (39, 25, 12)
(129, 171) (81, 38, 21)
(108, 193) (56, 33, 25)
(138, 191) (89, 57, 36)
(123, 184) (83, 45, 32)
(123, 190) (68, 27, 23)
(123, 190) (68, 27, 23)
(123, 199) (71, 40, 22)
(83, 180) (162, 145, 102)
(94, 207) (56, 40, 17)
(124, 220) (59, 35, 25)
(155, 199) (69, 43, 8)
(163, 175) (219, 208, 163)
(71, 141) (67, 29, 6)
(65, 158) (102, 40, 19)
(76, 173) (239, 228, 174)
(175, 134) (71, 36, 6)
(180, 154) (207, 195, 153)
(172, 170) (205, 205, 155)
(75, 128) (101, 80, 49)
(86, 95) (28, 23, 17)
(123, 85) (24, 17, 7)
(151, 93) (18, 10, 8)
(163, 121) (23, 15, 4)
(63, 115) (36, 31, 11)
(73, 82) (41, 33, 22)
(93, 60) (29, 20, 13)
(131, 51) (92, 83, 54)
(162, 63) (29, 25, 0)
(179, 94) (165, 160, 131)
(177, 123) (190, 186, 148)
