(72, 178) (73, 60, 51)
(108, 183) (70, 62, 49)
(89, 167) (104, 85, 68)
(89, 183) (94, 75, 58)
(144, 183) (100, 72, 60)
(180, 186) (92, 65, 48)
(163, 172) (104, 81, 63)
(163, 191) (112, 81, 63)
(64, 160) (85, 68, 50)
(90, 151) (86, 70, 55)
(114, 163) (103, 76, 55)
(149, 164) (88, 70, 50)
(170, 159) (101, 80, 61)
(189, 167) (99, 73, 56)
(112, 234) (67, 55, 43)
(139, 234) (100, 68, 45)
(99, 265) (52, 43, 38)
(148, 268) (89, 63, 48)
(123, 259) (114, 81, 64)
(125, 269) (138, 71, 62)
(125, 269) (138, 71, 62)
(124, 284) (88, 59, 45)
(51, 234) (94, 85, 76)
(71, 283) (89, 77, 63)
(122, 317) (39, 39, 37)
(174, 285) (96, 80, 57)
(190, 250) (251, 255, 254)
(25, 159) (48, 53, 49)
(21, 197) (84, 77, 67)
(43, 228) (252, 255, 251)
(222, 174) (59, 63, 64)
(218, 206) (51, 57, 53)
(198, 233) (190, 184, 170)
(46, 155) (43, 47, 46)
(61, 114) (44, 46, 43)
(132, 79) (62, 58, 46)
(179, 99) (48, 50, 45)
(201, 157) (43, 45, 42)
(29, 138) (42, 51, 50)
(39, 87) (40, 46, 42)
(71, 47) (34, 39, 35)
(132, 30) (35, 41, 37)
(184, 56) (41, 51, 50)
(213, 94) (36, 46, 45)
(218, 155) (234, 246, 244)
