(80, 168) (69, 62, 52)
(112, 170) (61, 51, 41)
(95, 159) (77, 67, 57)
(95, 176) (100, 74, 59)
(151, 172) (106, 78, 64)
(187, 169) (94, 65, 51)
(170, 160) (55, 52, 43)
(169, 175) (123, 92, 72)
(67, 152) (79, 63, 47)
(92, 139) (71, 59, 47)
(117, 147) (97, 72, 52)
(154, 150) (107, 80, 59)
(175, 140) (112, 96, 73)
(199, 150) (103, 76, 55)
(122, 217) (81, 64, 56)
(148, 215) (95, 62, 43)
(111, 252) (68, 53, 46)
(167, 250) (108, 80, 59)
(136, 239) (114, 78, 62)
(135, 251) (147, 73, 70)
(135, 251) (147, 73, 70)
(140, 268) (100, 78, 57)
(61, 231) (108, 106, 93)
(83, 272) (102, 90, 76)
(137, 312) (53, 48, 44)
(185, 279) (115, 84, 63)
(201, 241) (255, 255, 253)
(33, 168) (63, 64, 59)
(28, 203) (113, 113, 101)
(55, 234) (255, 251, 248)
(226, 169) (99, 88, 82)
(229, 199) (47, 50, 41)
(208, 234) (255, 253, 244)
(51, 162) (52, 52, 44)
(62, 117) (45, 47, 42)
(127, 68) (50, 50, 42)
(185, 87) (46, 46, 44)
(207, 147) (46, 47, 49)
(34, 146) (58, 64, 64)
(45, 97) (37, 46, 43)
(70, 54) (25, 31, 29)
(125, 32) (36, 40, 39)
(183, 53) (44, 54, 55)
(218, 90) (245, 255, 255)
(225, 151) (220, 231, 233)
