(112, 107) (60, 51, 34)
(132, 107) (40, 38, 26)
(122, 102) (55, 39, 24)
(122, 110) (65, 48, 38)
(155, 110) (85, 59, 32)
(178, 110) (95, 61, 34)
(168, 103) (96, 70, 47)
(168, 114) (86, 54, 31)
(108, 95) (194, 240, 255)
(122, 88) (62, 51, 29)
(136, 94) (50, 33, 7)
(155, 96) (188, 214, 227)
(169, 92) (120, 96, 68)
(183, 97) (95, 60, 28)
(136, 131) (57, 47, 35)
(152, 134) (119, 75, 46)
(126, 155) (64, 55, 40)
(166, 153) (106, 75, 46)
(145, 144) (82, 58, 34)
(146, 152) (177, 154, 110)
(144, 159) (154, 75, 71)
(145, 167) (73, 45, 33)
(107, 154) (56, 52, 41)
(123, 173) (59, 52, 36)
(145, 190) (38, 37, 32)
(172, 175) (80, 52, 31)
(185, 154) (12, 17, 11)
(92, 113) (50, 49, 47)
(89, 129) (62, 59, 54)
(99, 146) (11, 16, 12)
(199, 114) (18, 15, 6)
(203, 132) (26, 22, 13)
(192, 149) (17, 10, 0)
(102, 93) (66, 64, 49)
(113, 65) (72, 57, 38)
(146, 51) (59, 46, 30)
(172, 59) (38, 28, 16)
(192, 93) (17, 20, 11)
(85, 89) (32, 29, 14)
(97, 60) (39, 44, 24)
(119, 38) (44, 43, 39)
(145, 28) (26, 31, 24)
(187, 44) (44, 39, 20)
(204, 73) (33, 29, 2)
(210, 109) (42, 32, 23)
