(97, 126) (34, 32, 17)
(115, 128) (36, 23, 14)
(107, 121) (28, 27, 22)
(106, 131) (45, 31, 18)
(139, 133) (45, 35, 33)
(156, 135) (73, 45, 23)
(147, 128) (52, 48, 37)
(147, 140) (91, 55, 33)
(96, 118) (64, 50, 41)
(106, 114) (39, 35, 23)
(119, 118) (56, 38, 24)
(139, 125) (24, 19, 13)
(149, 120) (67, 47, 23)
(159, 127) (52, 35, 19)
(115, 152) (30, 31, 25)
(127, 152) (42, 26, 13)
(105, 164) (38, 28, 18)
(136, 172) (49, 37, 13)
(123, 162) (65, 37, 23)
(121, 167) (87, 61, 46)
(121, 167) (87, 61, 46)
(121, 172) (39, 24, 5)
(75, 154) (87, 70, 44)
(82, 178) (44, 38, 26)
(114, 192) (35, 31, 20)
(152, 178) (67, 49, 29)
(162, 163) (66, 44, 20)
(73, 123) (47, 39, 28)
(65, 140) (46, 20, 3)
(72, 157) (106, 86, 53)
(178, 140) (57, 34, 3)
(178, 158) (253, 246, 176)
(167, 172) (255, 255, 202)
(88, 108) (29, 25, 14)
(104, 91) (27, 20, 12)
(139, 84) (26, 21, 15)
(161, 103) (16, 15, 11)
(168, 127) (16, 11, 5)
(69, 102) (36, 31, 27)
(85, 70) (34, 28, 14)
(111, 54) (26, 29, 12)
(141, 61) (28, 28, 20)
(174, 80) (31, 24, 8)
(185, 100) (29, 24, 21)
(181, 125) (39, 33, 17)
