(95, 154) (42, 35, 27)
(117, 155) (61, 41, 30)
(106, 148) (22, 23, 18)
(108, 157) (71, 44, 27)
(145, 152) (65, 48, 28)
(168, 148) (76, 46, 18)
(157, 145) (44, 36, 15)
(157, 155) (87, 52, 32)
(93, 139) (67, 66, 61)
(103, 137) (39, 40, 34)
(122, 141) (53, 44, 29)
(146, 135) (40, 36, 24)
(160, 133) (43, 33, 21)
(171, 136) (66, 45, 16)
(125, 181) (74, 52, 39)
(139, 178) (93, 56, 37)
(111, 200) (58, 46, 34)
(153, 198) (99, 64, 34)
(133, 192) (85, 48, 39)
(133, 197) (89, 42, 32)
(133, 197) (89, 42, 32)
(135, 204) (78, 37, 19)
(81, 193) (79, 64, 45)
(90, 216) (41, 38, 7)
(132, 232) (32, 23, 18)
(177, 212) (230, 226, 179)
(181, 191) (236, 220, 171)
(67, 161) (28, 22, 22)
(69, 179) (116, 100, 66)
(78, 192) (87, 65, 41)
(187, 156) (9, 11, 10)
(190, 172) (215, 202, 149)
(186, 188) (222, 217, 161)
(77, 161) (24, 21, 12)
(85, 122) (15, 17, 14)
(130, 97) (11, 12, 7)
(172, 111) (21, 18, 11)
(185, 148) (7, 11, 14)
(56, 149) (22, 15, 9)
(60, 112) (19, 21, 18)
(83, 78) (8, 13, 9)
(130, 62) (21, 16, 12)
(175, 81) (19, 20, 12)
(196, 108) (122, 117, 88)
(201, 143) (136, 130, 96)
