(130, 120) (21, 17, 6)
(149, 124) (33, 19, 8)
(141, 118) (29, 26, 17)
(137, 129) (67, 41, 26)
(171, 127) (57, 53, 44)
(191, 131) (76, 48, 24)
(181, 122) (46, 38, 27)
(181, 134) (65, 37, 16)
(126, 114) (74, 66, 47)
(141, 111) (37, 27, 15)
(149, 115) (33, 24, 15)
(171, 121) (20, 21, 16)
(179, 118) (36, 23, 7)
(191, 123) (59, 38, 21)
(145, 146) (30, 26, 17)
(160, 148) (32, 4, 0)
(135, 157) (26, 22, 10)
(170, 164) (49, 33, 17)
(152, 156) (50, 31, 16)
(152, 159) (56, 43, 35)
(152, 159) (56, 43, 35)
(152, 168) (56, 30, 15)
(108, 146) (84, 67, 39)
(118, 172) (36, 33, 24)
(148, 190) (28, 28, 18)
(185, 177) (57, 42, 21)
(202, 160) (83, 53, 27)
(106, 116) (53, 48, 28)
(101, 129) (48, 32, 17)
(104, 148) (70, 54, 21)
(213, 129) (40, 26, 13)
(213, 150) (250, 234, 172)
(204, 165) (255, 254, 197)
(117, 105) (36, 30, 18)
(136, 83) (14, 13, 9)
(170, 77) (16, 17, 9)
(198, 94) (10, 11, 6)
(207, 120) (15, 16, 11)
(106, 89) (35, 31, 30)
(122, 63) (24, 20, 19)
(148, 45) (27, 27, 17)
(181, 53) (23, 19, 8)
(210, 71) (34, 22, 10)
(219, 90) (19, 15, 14)
(218, 118) (22, 13, 0)
