(97, 153) (80, 97, 104)
(118, 155) (54, 42, 26)
(106, 148) (22, 24, 10)
(107, 158) (73, 45, 24)
(148, 152) (54, 41, 25)
(171, 151) (70, 49, 20)
(157, 148) (26, 24, 3)
(157, 155) (92, 55, 26)
(96, 142) (62, 62, 50)
(106, 137) (45, 42, 33)
(123, 141) (54, 45, 28)
(145, 138) (57, 48, 31)
(160, 137) (57, 48, 31)
(175, 144) (89, 68, 39)
(127, 181) (84, 65, 51)
(142, 180) (90, 55, 33)
(115, 202) (65, 52, 44)
(153, 200) (76, 45, 25)
(135, 194) (79, 37, 25)
(133, 201) (106, 54, 41)
(133, 201) (106, 54, 41)
(133, 208) (88, 56, 35)
(82, 198) (79, 65, 39)
(96, 223) (50, 43, 35)
(133, 232) (30, 23, 17)
(176, 215) (221, 214, 168)
(180, 194) (193, 170, 126)
(70, 159) (12, 12, 10)
(69, 176) (82, 61, 40)
(79, 192) (71, 55, 39)
(187, 162) (8, 10, 7)
(188, 178) (216, 208, 159)
(185, 190) (220, 211, 154)
(78, 154) (17, 17, 15)
(90, 126) (8, 10, 9)
(131, 98) (10, 10, 8)
(170, 112) (15, 12, 5)
(182, 145) (20, 17, 12)
(56, 144) (22, 17, 11)
(63, 104) (17, 14, 7)
(89, 77) (18, 19, 13)
(133, 67) (22, 22, 12)
(183, 86) (70, 63, 37)
(198, 109) (209, 205, 168)
(201, 149) (184, 175, 142)
