(81, 163) (139, 102, 75)
(110, 163) (125, 87, 64)
(95, 159) (95, 76, 69)
(95, 159) (95, 76, 69)
(150, 159) (115, 99, 84)
(181, 159) (115, 95, 70)
(163, 157) (61, 49, 35)
(163, 157) (61, 49, 35)
(70, 143) (87, 69, 57)
(88, 135) (56, 52, 49)
(108, 141) (68, 59, 52)
(151, 142) (65, 55, 45)
(165, 135) (34, 38, 49)
(184, 144) (58, 53, 49)
(117, 204) (84, 60, 50)
(143, 204) (63, 48, 43)
(103, 226) (127, 90, 74)
(163, 227) (109, 82, 55)
(130, 222) (114, 70, 61)
(130, 229) (157, 89, 76)
(130, 229) (157, 89, 76)
(130, 236) (134, 94, 69)
(51, 211) (125, 100, 69)
(68, 254) (82, 74, 53)
(128, 285) (62, 55, 49)
(193, 251) (246, 255, 224)
(204, 211) (176, 157, 115)
(43, 156) (43, 42, 48)
(36, 185) (171, 112, 82)
(46, 210) (159, 110, 69)
(211, 154) (61, 57, 48)
(220, 176) (255, 255, 232)
(213, 207) (255, 255, 237)
(53, 140) (67, 52, 45)
(67, 106) (58, 50, 47)
(129, 82) (44, 48, 49)
(181, 103) (38, 38, 48)
(203, 139) (36, 35, 41)
(24, 128) (69, 65, 36)
(32, 77) (66, 65, 60)
(59, 47) (50, 53, 44)
(130, 31) (51, 55, 58)
(182, 43) (71, 77, 65)
(218, 80) (61, 57, 46)
(224, 125) (56, 45, 39)
