(77, 161) (139, 105, 77)
(103, 159) (120, 88, 65)
(93, 156) (45, 37, 34)
(92, 162) (113, 80, 61)
(143, 161) (117, 83, 56)
(175, 160) (120, 97, 65)
(158, 155) (53, 41, 53)
(159, 163) (132, 93, 62)
(68, 143) (87, 73, 62)
(85, 135) (53, 49, 50)
(104, 140) (82, 68, 59)
(143, 139) (55, 45, 44)
(162, 130) (30, 37, 47)
(179, 140) (54, 51, 46)
(111, 202) (74, 49, 45)
(133, 202) (52, 41, 47)
(98, 227) (131, 94, 78)
(152, 229) (98, 70, 49)
(124, 222) (113, 68, 49)
(123, 228) (157, 95, 80)
(123, 228) (157, 95, 80)
(122, 236) (119, 81, 62)
(48, 211) (122, 97, 66)
(58, 252) (76, 76, 52)
(121, 277) (64, 53, 47)
(187, 249) (121, 121, 87)
(200, 205) (169, 156, 111)
(41, 160) (37, 38, 40)
(33, 185) (185, 121, 93)
(42, 218) (255, 255, 234)
(208, 153) (81, 70, 66)
(215, 183) (255, 252, 226)
(206, 210) (255, 251, 236)
(47, 148) (35, 33, 36)
(56, 109) (51, 45, 49)
(122, 81) (45, 53, 55)
(182, 96) (42, 42, 52)
(199, 137) (35, 33, 44)
(22, 135) (66, 55, 49)
(26, 90) (58, 58, 48)
(54, 53) (67, 68, 62)
(126, 37) (48, 48, 48)
(179, 50) (51, 61, 52)
(213, 80) (49, 47, 48)
(222, 133) (255, 250, 231)
