(84, 163) (61, 45, 30)
(116, 167) (126, 102, 68)
(102, 155) (40, 34, 20)
(99, 171) (102, 77, 47)
(154, 167) (130, 105, 75)
(191, 167) (92, 71, 42)
(173, 158) (33, 23, 11)
(173, 172) (112, 93, 63)
(76, 144) (47, 37, 25)
(94, 140) (46, 38, 25)
(119, 144) (64, 47, 37)
(147, 150) (82, 60, 37)
(176, 140) (62, 54, 41)
(197, 148) (85, 68, 38)
(125, 210) (28, 24, 21)
(150, 212) (68, 49, 34)
(112, 238) (75, 55, 48)
(160, 240) (76, 56, 32)
(136, 228) (82, 51, 33)
(138, 233) (63, 40, 32)
(136, 241) (133, 75, 61)
(137, 255) (39, 29, 20)
(53, 217) (78, 59, 42)
(70, 258) (56, 50, 36)
(129, 288) (21, 20, 15)
(195, 252) (181, 188, 147)
(212, 213) (95, 86, 53)
(46, 157) (24, 29, 23)
(42, 185) (79, 63, 37)
(45, 220) (254, 248, 236)
(219, 163) (61, 57, 28)
(215, 186) (254, 254, 242)
(213, 226) (252, 253, 247)
(56, 135) (20, 26, 24)
(77, 92) (37, 33, 21)
(131, 61) (20, 25, 19)
(176, 77) (22, 28, 24)
(207, 124) (23, 30, 23)
(41, 125) (23, 35, 21)
(46, 80) (34, 39, 33)
(74, 45) (30, 34, 20)
(138, 24) (29, 31, 26)
(191, 43) (28, 34, 22)
(215, 82) (70, 76, 62)
(219, 133) (252, 255, 244)
