(84, 169) (63, 46, 26)
(124, 172) (119, 89, 55)
(105, 160) (37, 30, 22)
(105, 173) (95, 71, 47)
(157, 171) (94, 70, 36)
(190, 173) (65, 49, 34)
(175, 160) (119, 99, 75)
(175, 177) (114, 89, 58)
(81, 153) (62, 49, 33)
(103, 142) (50, 42, 29)
(120, 150) (61, 45, 29)
(158, 153) (69, 52, 34)
(180, 146) (57, 47, 35)
(198, 154) (79, 61, 37)
(129, 213) (26, 17, 12)
(153, 214) (38, 25, 17)
(112, 245) (77, 54, 38)
(164, 247) (65, 45, 21)
(139, 235) (91, 58, 41)
(141, 244) (134, 81, 67)
(141, 244) (134, 81, 67)
(141, 255) (44, 24, 13)
(54, 212) (67, 54, 35)
(75, 264) (49, 40, 23)
(132, 293) (24, 20, 17)
(201, 257) (238, 251, 223)
(214, 212) (142, 148, 112)
(45, 167) (36, 29, 19)
(44, 196) (106, 95, 73)
(52, 230) (255, 255, 242)
(221, 169) (108, 108, 84)
(221, 192) (255, 255, 255)
(213, 231) (128, 112, 86)
(61, 142) (23, 28, 24)
(78, 101) (39, 37, 25)
(137, 71) (20, 26, 22)
(186, 88) (22, 27, 23)
(211, 146) (28, 31, 20)
(42, 136) (18, 28, 17)
(48, 95) (19, 25, 21)
(78, 57) (29, 33, 36)
(134, 39) (29, 34, 28)
(195, 59) (20, 27, 19)
(218, 99) (42, 48, 34)
(217, 139) (41, 44, 25)
