(97, 172) (49, 42, 32)
(125, 174) (82, 60, 47)
(112, 166) (31, 33, 28)
(112, 178) (75, 52, 38)
(171, 170) (64, 46, 36)
(201, 168) (69, 47, 36)
(188, 160) (50, 45, 42)
(191, 174) (101, 75, 60)
(95, 155) (49, 40, 33)
(114, 148) (44, 41, 36)
(132, 157) (62, 49, 40)
(166, 155) (78, 59, 45)
(188, 144) (45, 44, 39)
(212, 151) (71, 49, 36)
(138, 218) (68, 55, 47)
(161, 214) (50, 28, 14)
(129, 250) (47, 38, 31)
(170, 247) (56, 34, 23)
(150, 242) (74, 47, 40)
(149, 249) (96, 52, 49)
(149, 249) (96, 52, 49)
(147, 261) (74, 50, 38)
(74, 227) (59, 54, 50)
(88, 263) (60, 58, 46)
(153, 297) (64, 47, 37)
(206, 260) (81, 60, 43)
(227, 218) (86, 60, 47)
(58, 175) (73, 62, 56)
(52, 203) (48, 40, 38)
(66, 226) (42, 38, 26)
(237, 169) (82, 49, 30)
(242, 189) (75, 65, 56)
(233, 223) (228, 255, 253)
(70, 142) (34, 33, 29)
(81, 99) (32, 33, 27)
(147, 68) (31, 32, 27)
(208, 93) (29, 29, 29)
(225, 147) (37, 35, 36)
(53, 128) (42, 50, 52)
(66, 88) (29, 35, 35)
(93, 62) (30, 29, 34)
(152, 48) (27, 31, 32)
(206, 70) (97, 114, 121)
(240, 100) (63, 77, 90)
(244, 136) (153, 171, 181)
