(72, 163) (60, 52, 49)
(101, 165) (114, 93, 74)
(88, 156) (31, 36, 39)
(87, 169) (100, 74, 61)
(149, 158) (83, 58, 51)
(178, 155) (89, 69, 58)
(166, 148) (56, 58, 53)
(168, 159) (112, 91, 72)
(68, 147) (71, 62, 55)
(88, 135) (72, 65, 59)
(104, 147) (96, 78, 64)
(145, 139) (100, 84, 68)
(163, 132) (70, 61, 54)
(188, 135) (90, 65, 58)
(114, 207) (91, 76, 73)
(139, 202) (76, 49, 40)
(107, 239) (62, 52, 50)
(150, 237) (103, 75, 64)
(130, 227) (121, 87, 75)
(130, 234) (88, 54, 52)
(130, 234) (88, 54, 52)
(128, 250) (93, 66, 55)
(50, 217) (92, 87, 81)
(65, 263) (142, 152, 144)
(136, 292) (91, 73, 63)
(197, 255) (103, 87, 71)
(214, 218) (255, 252, 255)
(37, 173) (68, 66, 67)
(33, 201) (95, 82, 76)
(46, 227) (103, 90, 81)
(227, 155) (255, 252, 246)
(232, 186) (255, 253, 248)
(219, 213) (252, 252, 240)
(46, 153) (68, 63, 60)
(52, 96) (46, 48, 47)
(117, 61) (70, 60, 50)
(189, 83) (43, 44, 46)
(209, 136) (43, 47, 56)
(34, 118) (44, 49, 53)
(44, 81) (43, 48, 52)
(72, 54) (54, 59, 65)
(128, 38) (53, 58, 61)
(181, 55) (48, 63, 70)
(217, 84) (46, 53, 61)
(228, 128) (88, 107, 113)
