1.372229 0.576777
1.023441 0.423593
2.999295 1.291081
0.337672 0.139060
1.027848 0.428520
1.481462 0.649595
1.685580 0.764146
2.628204 1.175098
1.674594 0.795511
3.005089 1.405411
1.673212 0.833835
2.982892 1.465613
1.673976 0.874160
2.978908 1.537674
1.676999 0.916375
2.980166 1.614174
1.682589 0.960473
2.986054 1.694554
3.153639 1.371145
1.691052 1.006339
2.996920 1.778672
1.702856 1.053825
3.013469 1.866283
1.718358 1.102755
3.036515 1.957136
3.736323 1.714106
1.738001 1.152834
3.066838 2.050780
2.900592 1.412293
1.698119 0.718757
1.762265 1.203695
3.105300 2.146711
2.917831 1.499441
1.791512 1.254902
3.152830 2.244088
2.910971 1.576241
1.826114 1.305921
3.210174 2.342060
2.910325 1.658199
1.866407 1.356010
3.278029 2.439379
2.915041 1.744750
1.912571 1.404515
3.356793 2.534561
2.925239 1.835596
1.964393 1.450314
3.445167 2.624667
2.941657 1.930564
2.020176 1.491262
3.533951 2.699720
2.594298 1.251387
2.965333 2.029290
2.067055 1.518988
3.572125 2.713066
2.876600 1.464456
2.997218 2.131333
3.114871 2.275179
3.210694 2.418941
2.844890 1.533062
3.089319 1.425706
3.038326 2.236136
0.892566 0.627174
2.261509 1.656262
3.950808 3.037550
2.835540 1.615205
3.089733 2.342664
2.834117 1.703937
3.152392 2.449899
1.925459 1.490586
1.413624 1.017110
4.303255 3.101988
0.460199 0.321308
1.433876 0.999893
2.837542 1.797492
3.227152 2.556306
1.730432 1.348336
2.138927 1.448837
2.499728 1.641633
3.870916 2.643142
2.846699 1.895866
3.313827 2.659673
3.122652 1.365105
2.563812 1.631978
4.564526 3.045545
2.862767 1.999134
3.407371 2.753308
2.642864 1.621381
4.698448 3.017971
3.530573 1.749970
2.886937 2.106804
3.489604 2.819507
2.720242 1.603899
4.843891 2.988643
2.754884 1.468890
2.920390 2.218478
4.515109 3.617168
2.794446 1.579824
4.985981 2.947251
2.755395 1.561933
2.964398 2.333404
3.732730 3.026499
2.864553 1.549784
5.121201 2.893799
1.673085 0.710462
2.753621 1.655423
3.020200 2.450459
3.077565 1.431923
1.328253 1.091792
4.583599 3.555732
2.929910 1.514527
5.247776 2.829658
2.751084 1.751659
3.089040 2.568382
2.990055 1.474874
5.364597 2.756342
2.752578 1.852819
3.171683 2.685115
3.044680 1.431667
5.470926 2.675581
2.760341 1.959735
3.266558 2.796542
5.651499 4.052318
3.093693 1.385705
5.566450 2.589011
3.076509 1.348271
2.775765 2.072348
3.364879 2.891271
4.603051 3.136964
3.137093 1.337807
5.651106 2.498264
2.402596 1.980417
2.758722 1.450592
2.800245 2.190247
3.470988 2.967186
4.801114 3.138990
3.174989 1.288599
5.725074 2.404748
2.980086 1.472149
2.651884 1.490079
2.835270 2.313021
4.955673 3.096599
4.149174 3.637545
3.207621 1.238830
5.788804 2.309792
2.671532 1.598253
2.882403 2.439629
5.105377 3.041824
3.235289 1.188982
5.842836 2.214688
3.281189 2.792403
2.666430 1.697900
2.943194 2.568935
1.639720 0.696252
5.246498 2.974862
3.258304 1.139475
5.887554 2.120071
2.660318 1.801272
3.007441 1.399099
3.019027 2.699041
5.376759 2.897082
3.276548 1.090637
5.921042 2.026019
2.659137 1.910910
3.109642 2.826270
5.495164 2.810344
3.287776 1.041833
5.928178 1.928260
1.723672 1.514974
2.664913 2.027407
3.207490 2.939290
4.121020 2.982686
5.601233 2.716731
3.277595 0.989716
5.820496 1.803257
2.679230 2.150634
3.286081 3.006301
4.762504 3.319412
5.694867 2.618095
3.013763 1.319136
4.768178 1.363991
5.086772 1.509712
2.799471 1.463721
2.530938 1.406204
2.703776 2.280325
4.917614 3.261533
5.776281 2.516227
4.754232 3.675796
3.737772 3.375615
1.324684 0.371772
3.420490 0.957188
2.596522 1.538481
2.740340 2.415858
6.177535 1.757946
5.081925 3.203696
5.846012 2.412688
2.945741 1.453350
2.585897 1.637724
2.790902 2.556135
2.980098 2.748644
5.240667 3.134581
5.904748 2.308920
2.571221 1.741330
2.857334 2.699628
5.386922 3.052235
1.328200 1.254551
5.953190 2.205988
2.560534 1.852529
1.602192 0.677792
2.940555 2.843102
5.519514 2.959017
2.688969 0.746746
5.991156 2.104472
2.948834 1.369483
4.605866 3.824694
2.555862 1.971679
3.036931 2.978023
5.637936 2.857434
6.011076 2.002324
2.558945 2.099018
3.129268 3.079801
5.828258 4.410556
5.742051 2.749883
5.983928 1.889780
3.671734 3.496281
2.571610 2.234475
3.353490 3.265591
2.309326 1.267855
4.828902 3.415568
5.832096 2.638449
7.445790 2.215351
2.567998 1.498692
2.595840 2.377767
2.880351 1.506542
2.945377 1.283457
5.038389 3.373929
5.908676 2.525110
6.049110 1.713897
2.518375 1.576851
2.633891 2.528216
2.390732 2.114929
5.226995 3.309428
5.972611 2.411476
4.838483 3.990294
2.487098 1.674117
2.118636 0.583842
2.688147 2.684503
2.894725 1.427188
5.394065 3.223840
6.024924 2.298925
3.841906 3.876794
2.465839 1.784766
2.760642 2.844174
5.543675 3.123725
6.066501 2.188535
2.450255 1.905127
2.851122 3.001420
5.676652 3.013261
6.095193 2.080313
1.563330 0.656123
2.441305 2.035079
2.952118 3.140690
2.882424 1.333395
5.793052 2.895486
4.598251 4.097479
6.097619 1.970588
2.440832 2.174805
3.046051 3.232067
4.888024 3.718848
2.984248 3.102535
5.893160 2.773097
6.084153 1.864112
2.450985 2.324333
1.689773 1.736293
3.212923 1.810184
5.026402 4.123603
4.943091 3.529530
5.977663 2.648399
2.460852 1.512575
2.474285 2.483463
7.007738 1.965513
2.840952 1.490337
5.199580 3.498039
6.047532 2.523414
2.406999 1.599298
2.872429 1.240953
2.513548 2.651399
5.560613 1.625731
5.396429 3.413921
6.103991 2.399794
2.361994 2.253291
2.375649 1.707813
2.571655 2.826383
5.567051 3.307030
4.814190 4.267675
6.148284 2.278824
3.102974 3.387650
2.827434 1.389846
2.349476 1.828008
2.650682 3.004561
5.717418 3.186625
6.179522 2.160965
2.328145 1.958889
2.749514 3.176834
5.848327 3.057180
6.184707 2.042883
2.854324 0.773929
1.468378 1.651490
2.313668 2.100974
2.862642 3.325762
1.524393 0.631389
5.960195 2.922118
6.115684 1.911092
2.984707 3.431001
2.880935 3.236532
2.308356 2.254796
2.805711 1.287809
4.557151 4.380238
5.064151 4.140646
4.808716 3.666909
6.053879 2.784283
2.314903 2.420625
2.494868 1.495230
2.678143 1.485997
6.645910 1.965284
5.172530 3.711137
6.130574 2.646142
2.317016 1.510014
2.336388 2.598341
5.073070 4.462265
5.395835 3.626943
6.191761 2.509679
2.765485 1.443468
2.287834 1.620773
2.376401 2.786947
5.554512 1.507042
5.589262 3.512217
6.238940 2.376506
2.796922 1.191534
2.254369 1.740569
2.438458 2.984007
2.686473 0.713828
5.760243 3.380578
2.320971 2.403676
6.272311 2.247354
2.221273 1.870873
2.524998 3.184029
4.805010 4.586441
3.680706 4.455119
5.908482 3.237736
2.738904 1.336579
6.283941 2.120422
2.192463 2.013238
2.637536 3.377674
6.034285 3.087886
6.239540 1.985623
2.778347 3.553609
2.170724 2.168963
6.262268 1.785943
1.589692 1.987835
6.138703 2.934756
6.373500 1.914021
2.623087 3.285273
4.440549 3.599682
1.485977 0.603566
2.158927 2.338988
5.204839 4.001396
6.223176 2.781262
5.347010 4.650174
2.234437 1.306111
2.723209 1.233542
4.500104 4.692254
2.223263 1.412586
2.160291 2.523777
1.949412 1.062176
5.407576 3.877661
6.289599 2.629917
2.199347 1.523463
2.178722 2.723437
5.611674 3.744124
6.339898 2.482569
5.113555 4.820127
2.164497 1.643071
2.218687 2.936721
2.643175 1.371075
5.805123 3.598916
6.375291 2.340360
7.026992 1.884238
2.122064 1.771691
2.284735 3.160356
2.721290 1.135506
5.974112 3.440527
6.392555 2.202840
3.021083 0.785047
2.079402 1.912325
2.381887 3.388851
2.269885 2.573369
6.116581 3.273408
6.373320 2.064407
2.857428 3.852749
2.040999 2.067269
2.517667 3.616831
4.787849 4.938117
2.648093 1.277421
6.233589 3.102237
6.277585 1.913374
2.700190 3.840586
2.009870 2.238448
5.444690 1.569700
6.327106 2.930690
6.555640 5.498922
2.667205 3.706109
1.989274 2.427063
1.313681 1.833129
2.339663 1.431841
5.432079 4.172634
2.672602 1.486895
6.399394 2.761886
1.448514 0.572536
2.109752 1.417678
5.479113 5.064814
1.983251 2.634142
5.631873 4.005179
2.640107 1.172096
4.426579 5.043881
6.452913 2.598052
2.078345 1.536363
1.996680 2.859917
5.851115 3.845174
6.489836 2.440689
2.031158 1.662447
2.035354 3.103083
5.144088 5.207272
6.045727 3.669619
6.510019 2.290131
2.577833 1.328502
1.976450 1.799372
5.789504 1.501859
2.106257 3.360316
6.208510 3.482320
6.505797 2.143966
2.647377 1.072992
1.921822 1.950942
2.218694 3.627019
6.340521 3.289692
2.710249 0.686488
6.457997 1.995821
2.207752 2.769136
2.383079 3.896710
1.871289 2.119844
3.519336 5.469673
6.350156 1.842438
6.444441 3.096820
4.755406 5.327454
5.709973 1.558240
2.555492 1.210033
2.611612 4.193308
1.827907 2.308362
6.523318 2.907358
5.641947 4.682925
5.683295 5.158985
1.795400 2.518423
2.123654 1.368574
2.221035 1.307017
5.621584 4.276582
6.580241 2.724138
1.319926 2.156482
1.995251 1.422591
1.778714 2.751745
1.412431 0.538192
5.539024 5.470250
5.892385 4.119031
6.618149 2.549066
1.790287 0.965825
1.949235 1.545671
1.784246 3.009102
2.559040 1.103594
4.334317 5.448116
6.122913 3.928890
6.638823 2.382849
1.885041 1.676354
1.820150 3.289714
6.311618 3.719004
6.640273 2.224697
1.815661 1.821676
1.897192 3.590584
5.146788 5.611634
2.448047 1.239736
7.336236 1.869860
6.461945 3.500887
6.615895 2.071625
1.746481 1.985001
2.026662 3.899475
6.561786 1.922197
6.578117 3.282395
2.576444 1.004000
2.200581 4.136383
1.680500 2.169124
3.158237 0.774173
5.767469 1.590620
2.131280 2.998409
6.664264 3.068415
2.700319 5.046255
1.620901 2.377020
5.215982 4.669070
4.711557 5.771426
2.465760 1.134893
5.599392 4.571171
6.724557 2.862309
2.175314 3.936954
2.151558 1.325192
4.223963 4.080587
1.572032 2.611784
1.915731 1.305332
2.475013 1.361645
5.924459 4.418900
6.762908 2.666359
1.883728 1.429292
1.540093 2.876372
6.204253 4.221025
1.175886 2.297428
6.782320 2.481698
5.522847 5.808548
1.378011 0.500545
1.807444 1.547134
1.533589 3.172859
6.427693 3.988239
6.783724 2.308078
2.482248 1.028201
4.220349 5.923039
1.724324 1.682197
1.564545 3.501986
6.600953 3.740416
6.766094 2.144049
1.638200 1.836453
1.648368 3.861582
6.731649 3.491021
6.036256 1.474215
6.733395 1.989741
5.164661 6.079731
2.367854 1.169065
1.551066 2.011985
1.795774 4.239325
6.703225 1.850117
6.826002 3.247451
1.465235 2.212326
2.592353 5.840287
2.509251 0.928554
6.079523 1.570193
6.889494 3.014086
2.748551 0.651675
6.112519 5.405422
6.351668 6.295928
1.384081 2.441708
2.035335 3.271005
2.397927 5.650037
1.725123 1.118691
5.953393 4.748905
6.927357 2.793571
1.860762 1.330587
4.663074 6.296701
1.312650 2.705044
2.385152 1.053416
2.222458 1.309187
6.289547 4.547844
6.943912 2.587202
1.749896 1.418732
1.258596 3.007349
6.558750 4.294817
6.941860 2.395049
1.649323 1.536172
1.233821 3.353193
1.022038 2.518083
5.708230 6.360283
2.247957 1.186020
6.761499 4.013497
1.345581 0.459640
6.922311 2.216049
1.548194 1.677540
1.255874 3.744912
2.410292 0.945687
4.078577 6.492370
6.909755 3.726962
6.888561 2.049524
1.442455 1.840652
1.345774 4.182834
7.013122 3.447535
6.851756 1.898314
1.332987 2.028309
8.337308 1.999422
1.532589 4.746982
5.202080 6.635061
2.284199 1.077072
6.873847 1.775277
7.079442 3.181270
1.221683 2.245461
7.115519 2.931530
6.266772 5.373901
6.003388 5.736202
2.446438 0.846800
1.111729 2.498323
2.346367 1.519185
6.384628 4.911973
3.085003 0.698477
7.127280 2.699706
1.815099 5.637949
1.912142 3.600440
1.899683 6.051340
1.709481 1.289512
1.008677 2.794542
4.408951 4.695478
6.711432 4.645118
2.121910 1.195585
7.119118 2.485828
2.307314 0.962229
4.611642 6.933668
1.589217 1.385700
0.922332 3.142776
6.949524 4.326365
7.093668 2.288962
1.476876 1.511820
0.869351 3.550492
7.118645 3.995329
7.053851 2.107758
5.771887 6.840312
0.806407 2.740471
2.185966 1.101168
1.356445 1.659446
0.873102 4.012028
1.315525 0.415546
7.231904 3.672074
6.997462 1.940617
1.227271 1.830271
0.962087 4.444722
2.343162 0.856118
3.896814 7.184725
6.838111 1.769814
7.300071 3.365944
1.090056 2.029093
7.332505 3.081123
1.034146 4.447092
7.175614 1.619430
5.275010 7.317403
2.198487 0.976279
0.945816 2.262714
6.079291 1.480047
6.734999 6.176575
7.336961 2.819248
6.496464 5.312373
6.975182 7.405849
0.796918 2.540348
1.724555 1.183440
1.781841 1.058175
6.916410 5.061848
7.319563 2.580121
2.388776 0.758990
1.532242 1.226530
0.649151 2.874097
3.088819 0.662114
1.235907 5.870009
1.748848 4.003616
7.179121 4.689317
1.276831 6.605764
7.284716 2.362463
1.517791 0.802821
1.422351 1.342580
0.515002 3.278452
2.234423 0.863662
4.557801 7.721862
7.367681 4.302271
7.237052 2.164894
1.292965 1.473088
0.416255 3.766279
7.490704 3.925127
7.184562 1.987112
1.149291 1.624069
0.378011 4.337066
6.080824 7.608089
2.069435 0.982523
0.519709 3.037756
7.559059 3.570182
7.124289 1.824342
1.288231 0.368476
0.992002 1.800062
0.600462 6.344832
7.584779 3.243156
8.785730 2.065513
2.282068 0.760122
3.647626 8.016330
0.820417 2.007454
7.578318 2.945585
6.122176 5.289051
0.633498 2.255451
7.619821 1.623346
7.234247 5.609630
7.547813 2.676949
5.408160 8.186114
2.118398 0.868297
1.704119 1.051000
7.455962 7.209253
0.431551 2.557644
1.473647 1.062758
2.033300 1.056572
7.485423 5.127191
7.499280 2.435354
1.387143 1.177122
0.219811 2.932863
2.336933 0.665505
7.672366 4.656058
7.438084 2.218629
3.171699 0.637827
6.982456 7.806309
1.251386 1.287138
0.400364 6.606594
0.013072 3.404897
1.538055 4.478019
0.438410 7.374074
7.800961 4.211017
7.373123 2.026380
1.098048 1.415782
2.169341 0.758510
4.503463 8.715230
-0.167052 4.009530
7.866260 3.796125
7.327012 1.861785
0.927402 1.566253
-0.328370 4.882640
7.880797 3.417771
7.438507 1.748990
6.431103 8.526026
1.994214 0.872002
0.737146 1.743139
0.128449 3.451491
7.858210 3.077835
1.263959 0.318691
0.523446 1.954024
-0.645854 6.054454
2.227964 0.658177
3.378155 9.202177
7.809345 2.774802
9.537568 8.059752
0.281087 2.211343
7.926434 1.716785
1.337797 0.862015
7.899945 5.668915
7.742096 2.505791
7.626547 1.512097
1.393621 1.032070
7.951737 7.878187
0.005571 2.534100
1.772302 0.975603
2.051345 0.753581
5.589558 9.261568
8.049498 5.062365
7.662667 2.267431
1.234214 1.109021
-0.298399 2.951312
8.177740 4.532901
7.577271 2.057408
2.291604 0.566917
1.071537 1.211099
-0.617229 3.493506
7.590014 8.686568
-0.737996 6.980319
8.234664 4.045071
1.850254 0.853186
3.202271 0.597506
7.481896 1.872677
1.364954 5.297106
-0.273946 6.124789
0.893589 1.334948
-0.928658 4.208821
8.231211 3.604546
7.301844 1.698992
2.112911 0.647068
4.403358 9.889136
0.693495 1.480072
-1.021978 4.554720
8.185223 3.214048
0.465527 1.650956
6.561810 1.432932
6.926140 9.621719
1.927860 0.742650
8.110891 2.871063
-0.120614 2.446242
3.209852 12.615271
0.636231 4.109692
0.200656 1.856755
1.243107 0.266482
8.018318 2.570938
8.624127 6.473574
8.086420 7.077366
-1.294358 5.144376
-0.116045 2.113261
2.181564 0.550879
1.806520 1.095382
8.478891 5.490152
7.915336 2.308705
1.238874 0.939407
-0.498569 2.442318
7.783376 1.564808
6.150688 6.275540
7.741911 1.416592
8.638228 4.888464
1.706868 0.827767
7.810441 2.080644
1.991917 0.631052
5.836622 10.624808
1.066043 1.013852
-0.929281 2.906233
8.681648 4.315924
7.705970 1.882957
-0.515968 3.996115
0.885941 1.111580
-1.437998 3.492102
8.649987 3.801093
2.253393 0.463917
7.561495 1.702768
-1.823002 4.639974
8.141683 9.278941
1.808658 0.730125
0.683620 1.226465
3.243278 0.554424
8.569866 3.350741
9.313954 1.920999
0.452563 1.359001
2.064875 0.530035
3.959849 10.355275
8.460182 2.961578
0.183186 1.513960
0.542088 3.327420
8.333618 2.626519
-0.145249 1.701313
9.098437 13.119319
1.863001 0.609668
9.518179 7.262166
8.199390 2.338270
8.961468 5.912078
1.225880 0.212223
10.254863 9.342853
-0.572342 1.938347
-0.608676 1.196350
1.302141 0.796131
1.550808 0.763006
9.231380 5.284860
8.068121 2.091149
2.143185 0.439014
1.075705 0.824706
-1.108319 2.194555
9.236262 4.606389
7.954062 1.881710
1.446453 5.274538
8.394387 1.555591
1.371838 0.579400
0.898781 0.899551
-1.449621 2.433873
7.890510 1.314010
9.155922 4.001762
1.940762 0.503539
4.678581 8.923497
7.847681 1.702259
0.700228 0.987280
-1.411165 2.429076
9.025547 3.481421
7.976922 1.592434
0.474134 1.086479
2.222619 0.357206
1.893246 4.466054
9.832587 10.259712
1.713993 0.585025
8.866725 3.039755
3.291068 0.507110
0.213275 1.197338
8.694607 2.666362
2.026216 0.408513
-0.099235 1.323558
7.020609 1.302634
8.519381 2.350504
8.772052 5.829427
-0.514018 1.467474
10.078958 5.775680
8.351514 2.083588
1.091553 0.535586
11.346443 8.469066
1.804993 0.471514
3.328682 5.672099
5.888301 6.905763
-1.120214 1.656232
1.116525 0.652816
1.737371 0.652923
9.964300 4.924988
1.212477 0.156296
8.209995 1.860482
0.929339 0.701613
-1.330708 1.707034
2.113498 0.323533
9.776904 4.197022
8.110056 1.675560
0.735949 0.764734
9.108531 7.811171
8.134456 1.360405
9.568471 3.594920
8.306160 1.566012
8.040551 1.196363
0.519593 0.836486
1.901316 0.371556
9.341263 3.095298
0.273399 0.913078
10.191786 1.741980
9.108391 2.681338
10.900741 9.600971
2.199875 0.247669
-0.011004 0.992252
1.649855 0.435541
3.337120 0.453801
8.880097 2.337715
-0.359471 1.070280
8.665354 2.051803
1.997886 0.283426
13.767163 8.110749
-1.066291 1.243778
1.514913 0.593343
10.957267 5.303848
8.481199 1.815410
0.968248 0.513035
-0.769656 0.718250
14.598228 9.957907
1.765896 0.327260
10.548436 4.370101
8.353411 1.622725
5.453278 4.678649
0.783513 0.557813
1.203189 0.099150
10.217349 3.672187
8.265999 1.461293
1.479393 0.376412
0.579989 0.608133
2.092863 0.205324
9.895042 3.112212
8.851794 1.317394
0.349930 0.659773
8.167693 1.059785
9.581825 2.658330
8.163313 1.319658
1.875070 0.235755
0.091522 0.708207
9.371971 7.010602
9.285741 2.289181
-0.201717 0.745316
2.185411 0.136107
9.013057 1.987461
1.617756 0.270554
-0.558660 0.759627
3.379648 0.394352
8.776042 1.740870
12.729179 5.866494
11.246238 6.003551
6.057849 4.006889
-0.657387 0.475219
-0.738084 0.534929
7.399711 1.093169
1.052562 0.340410
1.979958 0.155769
11.489986 4.471961
8.600744 1.541435
0.835602 0.364241
1.300154 0.281279
10.990638 3.681105
8.488942 1.377407
0.649200 0.398680
1.744213 0.178441
14.844547 8.017655
10.538089 3.065784
1.198078 0.041211
8.598675 1.259909
0.435094 0.431812
10.120186 2.578603
2.081461 0.085296
1.459468 0.193951
0.196940 0.461459
7.994152 1.027275
9.738638 2.190520
-0.061803 0.480318
8.173598 0.889583
7.734841 1.053465
1.861194 0.097674
9.395644 1.879334
-0.337991 0.472757
9.097022 1.628661
6.182134 2.954631
-0.618382 0.411110
2.179363 0.023370
13.884437 5.915773
1.605843 0.108027
8.863822 1.427640
12.721557 4.490235
-0.426629 0.217461
3.527239 0.342656
0.927130 0.155847
0.910284 0.191147
11.920666 3.580824
8.718865 1.265541
1.972533 0.026693
0.726334 0.206843
11.277867 2.920647
1.298922 0.101611
8.896633 1.158896
0.525970 0.223671
10.724672 2.415873
1.736904 0.029029
14.280706 5.361391
0.302764 0.239197
8.532411 1.004123
10.237827 2.022598
1.197187 -0.017093
0.062728 0.249550
2.079445 -0.035438
9.810927 1.713359
1.463142 0.021649
9.154695 0.954507
-0.184315 0.246555
9.442295 1.468216
7.152677 0.651709
-0.418076 0.208979
1.858850 -0.041167
9.143301 1.273603
6.251396 1.926776
14.307423 4.356420
-0.401694 0.115544
13.038283 3.315038
8.941650 1.118975
1.289526 0.018703
2.181807 -0.089559
1.608687 -0.052863
0.806860 0.030873
3.109743 0.238640
12.112578 2.629414
8.833101 0.989005
0.624957 0.032172
11.387584 2.135412
1.975345 -0.102645
0.411686 0.033467
1.319583 -0.080285
10.775925 1.761013
8.702604 0.862459
14.520978 3.433719
0.181685 0.034802
1.741518 -0.120136
10.252463 1.472218
-0.057962 0.034408
1.200555 -0.075272
9.806270 1.247073
-0.290958 0.032115
2.086727 -0.155907
1.478516 -0.151444
9.437716 1.070344
8.446042 0.729581
10.091051 0.735694
9.166135 0.931216
14.287457 2.755109
6.211175 0.965039
1.867588 -0.179588
-0.406515 0.026046
0.820998 -0.108292
12.977033 2.120728
9.010602 0.817961
0.745928 -0.144939
1.143590 -0.213935
12.080524 1.693788
2.192743 -0.201797
1.622568 -0.212981
0.529124 -0.159041
8.932414 0.714623
3.638924 0.200756
11.334549 1.376738
0.304606 -0.170546
1.988354 -0.231092
10.706679 1.136193
1.343094 -0.271325
0.067827 -0.179536
-0.249670 -0.028139
17.411203 1.492906
8.851689 0.609498
10.178304 0.951374
-0.177275 -0.180209
1.757492 -0.268090
9.739799 0.808003
1.208136 -0.132864
-0.560162 -0.190302
9.398471 0.695893
2.103274 -0.275108
1.503948 -0.323514
9.173766 0.605937
13.382234 1.241511
8.822224 0.504018
8.628885 0.374552
1.123660 -0.401289
6.204063 0.055083
1.887314 -0.316382
12.743843 1.041486
9.057677 0.526508
0.654886 -0.339161
11.879984 0.839228
1.208768 -0.412679
0.435632 -0.365350
2.212009 -0.312429
1.647396 -0.370877
11.149887 0.684840
8.991365 0.446838
3.551800 0.112690
0.204056 -0.390353
10.541122 0.567366
-0.327423 -0.119119
2.011435 -0.357555
-0.042995 -0.412660
1.387629 -0.454623
10.036019 0.476940
-0.317840 -0.434968
15.268030 -0.879465
8.935199 0.364696
9.631300 0.406487
1.784964 -0.413514
1.219836 -0.189420
9.339172 0.349782
13.044810 0.164406
2.128849 -0.392021
1.540211 -0.491264
13.512453 0.155524
9.163686 0.299391
-0.676055 -0.455249
0.818197 -0.534642
1.058180 -0.571150
12.378207 0.123648
8.612091 0.177690
8.893312 0.277887
0.571098 -0.544878
9.064863 0.247446
10.540197 -1.706453
1.917892 -0.450350
11.545554 0.101346
0.353249 -0.588589
1.277836 -0.604279
10.869391 0.083645
2.239366 -0.420571
1.683745 -0.524963
0.110056 -0.629558
8.969674 0.191213
3.452514 0.032038
10.307673 0.069465
-0.148072 -0.675908
9.849610 0.057723
2.044268 -0.480932
-0.436096 -0.255736
1.436216 -0.629854
9.500012 0.046513
-0.454880 -0.759560
8.775862 0.138407
1.823987 -0.555079
9.266481 0.032814
17.958383 -2.895455
17.898962 -1.495481
1.235505 -0.244503
12.682922 -0.793733
9.128255 0.012659
0.867056 -0.658312
2.163111 -0.505685
0.708104 -0.706137
1.586481 -0.653375
11.829569 -0.621692
0.859867 -0.527165
0.513141 -0.768789
-0.901951 -0.824786
7.467777 0.084526
8.236430 -0.014996
9.026278 -0.015796
11.126641 -0.504490
6.575231 -2.123296
14.658970 -3.603050
1.958998 -0.580276
0.283592 -0.831122
10.530964 -0.418034
1.324073 -0.774584
0.010133 -0.866996
2.274442 -0.525383
10.035122 -0.352966
1.731905 -0.673887
8.880538 -0.049928
3.454288 -0.044334
-0.201245 -0.813799
9.641770 -0.305103
2.086425 -0.600154
1.493839 -0.798708
-0.575779 -0.458954
9.358709 -0.272886
-0.534616 -1.146263
10.564164 -0.107446
9.179248 -0.255847
14.330847 -2.136130
1.874281 -0.691468
0.929486 -0.936448
11.915546 -1.464501
1.261332 -0.992062
1.254927 -0.297703
12.902653 -2.338928
9.064987 -0.252798
0.676951 -0.926371
11.266895 -1.188225
2.205589 -0.615174
1.643852 -0.808833
0.478544 -1.016314
15.366660 -5.607082
10.676795 -0.981361
-1.119919 -1.335626
0.235237 -1.104968
8.976206 -0.261394
5.991668 -2.892653
8.794435 -0.209944
2.010088 -0.704987
10.167306 -0.823522
-0.146772 -1.528341
1.411880 -0.961007
15.808549 -4.050096
9.748253 -0.703712
2.316755 -0.626070
1.791911 -0.816283
8.972979 -0.284724
9.428342 -0.615653
3.519596 -0.122767
9.210056 -0.554774
2.137299 -0.714213
1.558562 -0.959547
-0.683408 -0.724879
12.214999 -2.484530
16.482669 -4.118525
9.073276 -0.516525
-0.567094 -1.706123
0.883136 -1.114315
11.271281 -1.940589
1.182665 -1.177419
1.935288 -0.821400
0.679709 -1.172857
8.975755 -0.495034
9.195173 -0.350698
1.277848 -0.348640
10.718278 -1.605009
0.478905 -1.300006
1.068482 -0.895186
2.255680 -0.719634
15.895725 -8.440596
1.713020 -0.956259
10.224598 -1.344758
5.780333 -3.926574
0.233461 -1.477704
-1.465835 -2.543118
8.907759 -0.485716
9.803045 -1.143712
8.834634 -0.412135
14.288746 -5.146852
2.070431 -0.823376
1.459689 -1.115091
9.463272 -0.991308
-0.078032 -1.837192
9.210147 -0.879235
8.967622 -0.492076
2.365744 -0.721922
1.863520 -0.950848
3.368714 -0.194665
9.043567 -0.799983
10.580554 -2.902951
-0.917281 -1.259707
11.248331 -2.729657
2.196154 -0.822185
1.634435 -1.111065
8.954227 -0.748667
0.884253 -1.050536
0.892866 -1.311443
10.643763 -2.263375
1.504364 -1.471526
-0.495106 -2.296717
12.926295 -4.543799
0.716248 -1.439357
2.006161 -0.943687
10.185543 -1.898885
8.868994 -0.712122
7.273947 -0.410054
0.528788 -1.621045
5.144400 -4.819475
11.654043 -9.048720
1.303971 -0.396976
9.790133 -1.613995
-1.706342 -3.413481
2.312691 -0.818312
1.795746 -1.094759
0.309909 -1.896486
9.453147 -1.392822
8.743841 -0.678121
13.341685 -6.297987
9.509975 -0.672856
9.177727 -1.223901
2.139098 -0.934456
1.550353 -1.280839
-0.753341 -2.339748
8.948330 -1.093775
8.513754 -0.633573
0.032929 -2.287894
-1.140849 -2.084019
2.420737 -0.812319
1.945982 -1.076363
8.828866 -0.999823
13.752314 -4.610569
3.755500 -0.293669
10.342032 -2.921275
1.438633 -1.804956
8.922802 -0.962828
0.940912 -1.541717
2.262115 -0.923283
1.731831 -1.254977
4.290155 -5.446968
10.031202 -10.363086
10.012052 -2.455813
10.551907 -6.413272
0.794086 -1.717771
9.692170 -2.096546
-0.294402 -2.795532
11.993499 -5.264403
8.754146 -0.904244
-1.659487 -4.459956
2.085731 -1.057273
1.470485 -1.492599
0.632832 -1.952946
9.387564 -1.809319
1.332950 -0.442431
-0.874921 -4.192817
9.119387 -1.583721
2.375798 -0.910570
1.891581 -1.222895
8.559687 -0.843835
-1.084205 -2.975042
0.446619 -2.282041
8.854676 -1.401216
7.048091 -0.630562
11.474793 -6.496908
2.214997 -1.037412
8.413808 -1.222644
1.672643 -1.435955
3.298839 -5.811062
8.005914 -11.205507
8.237388 -0.772149
12.783710 -9.758611
7.472151 -0.989464
10.805945 -3.840094
2.481003 -0.896759
2.037700 -1.191608
0.224476 -2.713422
1.025972 -1.469750
9.632854 -2.953651
11.012829 -4.688388
3.118179 -0.314067
1.043992 -1.793871
1.394685 -1.699992
8.755987 -1.142074
-1.220291 -6.706189
9.492150 -2.564070
-0.800792 -3.903905
2.334191 -1.016870
1.844974 -1.385421
0.916832 -1.994733
9.255658 -2.224927
-0.005287 -3.269951
-0.611359 -4.898618
2.273312 -5.913980
5.776730 -11.217387
8.651351 -1.076995
0.787900 -2.270394
9.022818 -1.948972
2.172612 -1.161303
10.959069 -5.730224
1.625757 -1.637781
1.364422 -0.484780
8.801753 -1.726667
-0.298042 -4.770872
-0.459122 -7.423403
2.444140 -0.995924
1.997236 -1.338728
8.442155 -0.997344
8.508603 -1.524293
0.643854 -2.636626
8.846517 -9.194520
10.738298 -7.033560
1.303654 -5.832263
3.717761 -10.865538
10.293091 -1.642216
-0.153229 -3.308057
9.673677 -1.081158
2.296938 -1.131616
1.810583 -1.566279
0.408298 -5.175235
0.506865 -8.378045
9.683472 -3.550755
10.571515 -4.413508
1.850659 -9.378752
1.615312 -2.282934
9.222584 -2.992530
0.485489 -3.083962
2.545762 -0.974859
2.136664 -1.295648
1.176396 -2.024082
0.027561 -4.722181
3.503539 -0.419891
10.376352 -5.100724
9.058722 -2.621229
8.830203 -1.344037
1.612909 -1.864688
9.636765 -7.896785
1.082138 -2.257514
0.211257 -6.057818
8.871795 -2.304809
2.411356 -1.102486
1.967832 -1.500398
0.335300 -3.576404
0.112283 -3.677572
8.702583 -2.049383
8.147903 -11.177073
8.555050 -1.232959
0.988501 -2.561575
10.219702 -6.017123
2.265304 -1.255195
8.547469 -1.842386
1.796750 -1.766380
1.397988 -0.523854
8.418184 -1.669956
0.819172 -7.194147
2.516794 -1.074026
2.109645 -1.441355
5.030838 -9.714592
8.172774 -8.359168
9.746490 -6.873289
0.892318 -2.949241
8.455616 -1.162425
8.092819 -3.343996
8.231345 -1.108379
8.659870 -1.580446
1.792437 -7.768172
9.034265 -3.399216
3.289923 -8.930257
2.383675 -1.216680
1.955238 -1.678645
9.893272 -4.610351
1.214395 -1.809102
1.587077 -2.050020
8.830244 -2.988605
1.343075 -2.250023
0.542015 -4.604944
0.803151 -3.393764
2.614198 -1.046360
2.240976 -1.387997
8.669661 -2.637571
0.913025 -5.213591
8.522547 -1.460751
3.379382 -0.472403
9.793036 -5.323693
1.802284 -1.975426
1.281076 -2.492014
8.840960 -7.413550
0.750940 -3.860053
8.537024 -2.351646
2.492532 -1.179862
1.095707 -6.255668
2.095476 -1.599760
8.433470 -2.124162
6.814041 -8.066078
5.761176 -8.408884
8.369318 -1.943529
8.426028 -1.365182
9.556795 -6.052999
1.225598 -2.818083
2.362329 -1.338661
1.965236 -1.873150
8.382667 -1.802300
1.433265 -0.559553
1.842651 -6.973671
4.470987 -8.331102
2.592836 -1.144689
2.226363 -1.530522
10.998894 -4.812656
3.704121 -9.096713
7.727130 -7.538136
1.184135 -3.216898
9.025698 -6.594593
8.567831 -3.326266
1.634732 -2.293503
8.364643 -1.300313
8.388264 -1.678877
8.099933 -1.240326
2.473969 -1.292435
9.458208 -4.803453
2.099739 -1.772387
8.425237 -2.936415
1.822586 -2.186035
1.542342 -2.425803
1.183763 -3.676491
8.326754 -2.627381
1.381345 -5.782527
2.685521 -1.111134
2.348892 -1.468538
8.319142 -1.562717
8.249786 -2.377463
9.262862 -5.393602
3.239890 -0.511238
1.506333 -2.693801
1.998843 -2.077845
1.292201 -4.250916
8.206206 -2.179817
5.917042 -7.293769
8.187137 -6.830385
2.576662 -1.248905
1.916135 -6.198502
2.224965 -1.683505
8.203319 -2.021588
5.586771 -5.989937
5.288737 -7.704740
8.978616 -5.929322
8.273643 -1.474036
1.490021 -3.034942
2.462268 -1.411691
2.128223 -1.959702
2.709395 -6.742481
8.218709 -1.886325
4.462703 -7.742901
1.469859 -0.591835
1.602083 -5.089762
8.527246 -3.698407
8.994209 -4.342028
2.671349 -1.207873
2.345457 -1.606409
8.145994 -3.189089
1.511359 -3.437162
2.090953 -2.696347
8.434419 -6.237124
7.160546 -6.705435
6.933086 -1.176564
8.200009 -1.760844
8.089438 -2.871920
7.617922 -1.303158
8.923289 -4.845202
2.040169 -2.262566
2.566621 -1.358915
2.240749 -1.847417
1.756826 -2.573497
8.034953 -2.604395
1.606124 -3.905088
2.028837 -5.547746
3.701603 -7.152786
8.004211 -2.389584
2.758918 -1.169178
2.458826 -1.537491
8.189659 -1.652863
8.674701 -5.272799
2.189068 -2.163368
1.741325 -2.860625
8.006390 -2.218894
3.164715 -0.553067
7.522351 -7.975372
5.372422 -6.580748
1.820754 -4.453314
7.716311 -6.347707
2.662720 -1.309685
2.354648 -1.752332
8.037920 -2.078065
2.578851 -5.954669
8.038222 -5.425827
9.723988 -1.854946
4.320642 -6.103716
1.772284 -3.207554
2.563777 -1.474502
2.272781 -2.019183
6.965006 -3.251863
3.284474 -6.357212
4.494306 -6.967980
8.009983 -3.456886
8.060157 -1.950197
1.507388 -0.620717
2.154483 -4.963044
8.559773 -4.358235
7.879043 -3.101257
2.048053 -2.301651
1.911168 -2.397329
2.751464 -1.263671
2.465362 -1.669585
1.855023 -3.595391
6.978006 -6.346486
5.977760 -4.454532
7.807321 -2.805896
8.079850 -1.840236
8.489233 -4.830076
1.820233 -1.885887
7.763914 -1.461631
7.785104 -2.574565
1.945152 -2.692862
2.660510 -1.416350
2.378140 -1.905582
2.018486 -4.023863
3.981909 -6.489192
7.789653 -2.390859
2.578005 -5.342669
4.677842 -5.113348
6.441472 -4.015059
2.833674 -1.220591
7.829068 -2.243761
2.569345 -1.595314
2.295541 -2.179633
5.521334 -6.530907
1.985677 -2.998502
3.149723 -0.600557
7.209123 -5.746708
3.091432 -5.653364
2.278416 -4.460137
6.759880 -1.447198
6.217889 -6.095606
7.898145 -2.122041
2.749787 -1.362427
2.483712 -1.807546
3.799640 -5.129612
9.273883 -6.348350
8.302654 -3.941120
2.062164 -3.330787
7.736446 -3.348936
2.665664 -1.527510
2.412529 -2.062711
8.023283 -2.021493
3.686173 -5.896916
1.791396 -2.020934
4.529265 -6.350162
7.584192 -2.991507
8.142025 -4.301150
1.545510 -0.646266
2.640685 -2.692530
2.112440 -2.549524
2.622404 -4.835775
2.193138 -3.683230
7.555393 -2.734924
2.832404 -1.312288
2.584708 -1.720864
6.644163 -5.746990
7.755163 -1.638879
7.563344 -2.538099
7.620596 -4.543531
9.579769 -2.262197
7.534661 -1.541713
2.164195 -2.811957
7.575464 -2.373548
2.754655 -1.465117
2.514804 -1.950375
2.398141 -4.049364
3.026886 -5.122207
5.810951 -6.037849
3.491791 -5.040946
7.665144 -2.250165
2.909091 -1.265565
2.679205 -1.642665
2.456812 -2.223238
2.237097 -3.101537
3.104586 -0.637544
6.972622 -5.352526
3.493716 -5.348225
7.859013 -2.181203
4.816301 -5.945316
2.678410 -4.394567
6.102031 -5.624280
2.837005 -1.407462
9.117462 -4.411479
2.611288 -1.850480
7.303760 -3.149241
2.348257 -3.403099
2.833295 -2.989533
7.298830 -2.865082
2.766891 -1.571285
4.377916 -5.559167
2.558234 -2.096606
4.783224 -6.464473
7.759567 -4.278332
7.801901 -4.848776
7.340456 -2.664057
1.583888 -0.668587
5.258440 -5.707915
2.330253 -2.652802
2.512815 -3.711275
3.010168 -4.670610
6.608080 -1.726719
2.533809 -2.401561
2.913426 -1.354028
7.329034 -2.481446
2.702257 -1.761169
6.478372 -5.338612
7.154063 -4.897340
7.867355 -1.797559
7.161748 -2.269839
7.412099 -1.625058
2.385004 -2.897306
2.848169 -1.505712
2.650051 -1.983187
2.740801 -4.015836
3.367043 -4.874589
5.628183 -5.435258
6.517161 -1.936406
2.984545 -1.304372
2.787344 -1.680323
2.612043 -2.242535
2.484543 -3.164521
3.061144 -0.669100
7.626076 -1.942316
4.863468 -5.466805
7.154928 -3.323404
6.872155 -5.098129
9.233520 -2.603628
7.424140 -3.826667
5.983422 -5.194348
3.014184 -4.273300
2.923673 -1.445242
6.961693 -2.935339
2.735986 -1.882238
2.621565 -3.430490
2.547301 -2.597370
3.791534 -5.033362
2.141750 -2.060744
7.093047 -2.757735
7.383330 -4.242383
2.866576 -1.606497
7.276679 -4.622595
2.700687 -2.117058
7.173856 -2.598728
4.544295 -5.285042
2.501612 -2.706327
5.173547 -5.173812
1.622233 -0.687827
2.808236 -3.695098
7.275640 -2.465624
3.275116 -4.412411
2.993996 -1.389303
2.816921 -1.791499
6.333034 -4.967902
2.661550 -2.371909
5.696445 -3.902549
7.685860 -2.392546
7.613891 -1.855440
2.599871 -2.952674
7.277671 -1.690012
2.940435 -1.538762
4.121628 -4.896590
2.781335 -2.004861
3.041620 -3.939562
5.568716 -5.018895
3.027378 -3.920077
2.721539 -3.191446
3.059503 -1.337342
2.892904 -1.709144
7.004112 -3.432253
2.762817 -2.249680
6.570303 -2.940007
3.016609 -0.694861
5.489763 -5.607850
7.185622 -3.863921
7.728703 -2.089412
6.527152 -4.657097
6.777277 -2.797302
3.174070 -2.909059
5.905946 -4.832283
3.009515 -1.476423
3.281733 -4.110853
2.856580 -1.903982
6.944064 -2.667163
2.877314 -3.422679
7.038957 -4.168525
2.580380 -2.517969
3.779271 -4.485679
7.449573 -2.676937
6.329934 -4.119283
2.964155 -1.633941
2.839045 -2.127785
7.579469 -2.263280
4.550142 -4.846240
9.020626 -2.987909
2.696696 -2.763937
5.242531 -4.838801
1.660238 -0.704135
3.076731 -3.646927
4.298870 -5.109779
3.074169 -1.418822
2.927874 -1.812891
6.212308 -4.617007
2.849942 -2.388878
7.496057 -1.924582
2.809523 -2.981490
7.166076 -1.745372
3.031690 -1.565279
5.553000 -4.682852
4.212445 -4.553033
2.907303 -2.016857
3.309787 -3.842955
6.588779 -3.090324
7.076549 -3.593459
6.465878 -2.804503
2.944804 -3.188698
3.133288 -1.364784
2.995255 -1.730001
2.911308 -2.250277
7.330353 -4.904340
6.473379 -2.617854
6.921843 -3.838298
2.406313 -2.179175
2.974239 -0.715864
3.692525 -3.608504
4.843902 -4.489214
7.541046 -2.135044
5.930172 -2.250522
6.049264 -3.670203
4.077266 -4.410490
5.869141 -4.528815
3.578115 -4.004105
3.095996 -1.502447
3.112560 -3.387904
2.972321 -1.916946
2.782584 -2.608215
2.891864 -2.461624
7.170804 -2.577824
3.059505 -1.654540
2.970058 -2.128971
5.277211 -4.530393
4.531862 -4.476617
7.688150 -2.387600
2.887795 -2.796385
1.697359 -0.717559
3.315254 -3.574363
3.156867 -1.444566
3.034459 -1.826259
2.995003 -2.365080
6.226547 -4.395325
3.909981 -4.143208
3.007757 -2.983568
7.377267 -1.974190
7.066416 -1.789820
6.656849 -3.227670
5.529073 -4.378386
6.198247 -2.796714
3.125494 -1.587715
3.026669 -2.020148
4.339384 -4.306440
6.836145 -3.572502
6.379437 -2.687866
3.546294 -3.735945
7.467109 -2.514573
3.151594 -3.162385
4.594118 -4.207968
6.391032 -3.946561
8.157142 -3.169647
6.326523 -3.581424
3.382701 -2.894445
3.202346 -1.385813
3.093531 -1.743366
3.044672 -2.237668
7.426571 -2.175286
2.931737 -0.731888
4.214614 -3.650105
5.219033 -3.412783
4.208447 -4.162934
2.969267 -2.636151
3.816662 -3.880408
3.323492 -3.331019
3.188639 -1.526489
5.832969 -4.250196
3.082892 -1.922279
3.125058 -2.495271
5.147857 -4.148996
3.150613 -1.668104
3.090116 -2.120066
3.064545 -2.799504
7.407402 -2.353986
7.306694 -2.651537
5.155099 -4.669505
1.729545 -0.726455
3.520480 -3.482634
3.259126 -1.474729
3.135095 -1.831533
3.129947 -2.339390
6.256316 -2.911075
3.191497 -2.963858
4.076406 -3.955368
5.978919 -4.017128
6.760335 -3.352854
6.163761 -2.690902
7.275303 -2.010652
6.971190 -1.822812
6.546505 -2.694845
6.613782 -3.530327
5.558487 -4.144256
3.236761 -1.613024
3.137502 -2.015010
4.511410 -4.147877
6.487104 -3.737994
3.741495 -3.614595
5.890525 -3.662462
5.846414 -4.869378
3.338230 -3.116026
7.276499 -2.484487
2.994802 -2.461560
2.480419 -1.968530
3.345204 -1.432175
3.186438 -1.748732
3.160332 -2.212305
6.968671 -2.686594
7.290315 -2.187634
2.887086 -0.742835
3.994343 -3.731909
3.108028 -2.628322
4.362918 -3.998021
3.505607 -3.254865
3.269282 -1.540057
3.188902 -1.921190
5.770485 -3.965684
3.197099 -2.415301
3.230683 -2.786976
5.426481 -4.130653
3.212136 -1.664321
3.192671 -2.098233
7.242267 -2.337679
3.634641 -3.120883
7.056482 -2.565707
4.595598 -3.781831
3.692308 -3.378583
1.847596 -0.767986
6.357428 -3.017835
5.695746 -2.550072
5.643934 -3.579184
5.366126 -2.282093
6.545917 -3.308803
3.593662 -1.603169
3.219994 -1.823361
3.232083 -2.291353
3.357052 -2.924346
3.519561 -3.193828
6.404711 -3.475232
5.792295 -3.389153
7.175681 -2.032852
6.615493 -2.679469
6.874245 -1.844467
4.469550 -3.836886
3.909019 -3.497190
3.853778 -1.873835
5.622828 -3.941044
3.231341 -1.998512
3.795048 -2.885062
3.496950 -3.048183
3.121520 -1.306202
1.343521 -0.553567
3.125915 -2.459357
7.098505 -2.441638
5.127509 -3.935844
3.337144 -1.775827
3.252060 -2.168306
6.804895 -2.611159
7.171689 -2.189705
2.841383 -0.749463
4.226398 -3.614125
3.284308 -2.642550
4.956422 -4.270063
3.647087 -3.155801
2.758144 -1.276082
3.302797 -1.920120
6.693390 -4.285734
3.301647 -2.357836
5.504766 -4.406358
3.390196 -2.760530
5.416762 -3.860467
2.709622 -1.370103
3.251000 -2.050161
6.278894 -2.856152
7.327696 -3.123404
6.506615 -3.130517
7.103378 -2.316211
6.895560 -2.508104
3.792574 -3.237084
6.350314 -3.257435
5.366371 -3.184471
4.850331 -3.690185
5.674553 -3.123049
3.490248 -2.856246
0.992718 -0.422403
2.844740 -1.560479
3.170369 -2.126469
7.074644 -2.042931
1.469708 -0.663436
6.647846 -2.670879
2.799011 -2.089252
4.512978 -3.629725
6.774955 -1.856324
1.013584 -0.416641
1.265815 -0.591749
3.246984 -1.941224
5.729193 -3.793228
3.611999 -2.951631
3.348380 -2.386548
3.331492 -2.523371
1.460872 -0.720838
6.948364 -2.399195
3.377496 -2.839777
5.174351 -3.706589
1.812222 -0.943849
3.183624 -2.017111
6.765253 -2.585211
7.057358 -2.181451
2.795553 -0.752552
3.512090 -2.677646
4.374951 -3.518225
3.709175 -3.010743
1.827205 -1.039627
5.652032 -3.366829
2.743574 -1.855157
4.132057 -3.091046
5.994054 -2.624498
6.473787 -2.977644
3.495324 -2.682652
6.320479 -3.078115
4.774840 -2.966261
4.666541 -3.505479
5.279082 -2.939883
5.900499 -3.058775
2.690432 -1.639961
5.439275 -3.647042
6.192717 -2.573058
3.897943 -3.139118
4.056412 -3.241700
6.747126 -2.451480
6.977085 -2.288952
3.567809 -2.747720
4.969955 -3.542068
1.672435 -1.074370
3.338804 -2.397429
6.973412 -2.043593
5.512333 -2.186198
4.428418 -3.343471
0.673063 -0.362578
6.681300 -1.861629
3.070650 -2.224131
3.667147 -2.822016
1.895377 -1.301881
5.619136 -3.532675
1.410459 -0.837774
6.823687 -2.358862
5.223151 -3.510497
1.257444 -0.768542
6.473728 -2.461946
6.951731 -2.166907
1.980191 -1.454033
4.510353 -3.391240
2.758863 -0.754992
5.240945 -3.105628
3.713635 -2.844001
5.015443 -3.559229
6.060015 -2.675257
5.236890 -2.926149
6.291801 -2.919645
5.025417 -2.126268
6.170841 -3.030950
3.468552 -2.643254
5.535961 -2.898436
1.553313 -1.155009
4.891081 -3.469681
7.579421 -3.037528
0.681227 -0.445572
5.565646 -3.517696
6.868705 -2.259905
6.658333 -2.413759
1.597254 -1.192203
6.896137 -2.043004
1.456137 -1.022242
5.897425 -3.903837
4.029978 -2.891685
6.626242 -1.869636
6.266559 -3.707778
1.638440 -1.221396
0.731555 -0.516915
6.723033 -2.320825
5.208802 -2.900436
6.681633 -2.535257
6.867175 -2.150488
1.311638 -0.953670
5.265701 -3.321161
1.660571 -1.230337
6.040159 -2.683367
7.477689 -3.138703
2.748480 -0.761599
5.969012 -2.780206
5.264890 -2.773772
3.223037 -2.183645
6.691367 -3.290525
1.874444 -1.346711
2.122729 -1.461858
4.489888 -2.714882
6.598969 -2.380687
6.781871 -2.231936
6.664354 -2.628651
6.891710 -2.054834
2.637972 -1.667300
1.471849 -0.935164
2.289157 -1.278004
6.633860 -1.883643
0.920869 -0.639628
2.320602 -1.230749
5.694109 -2.558713
6.562671 -2.257161
1.927900 -1.115168
5.551401 -2.372356
4.974578 -2.324488
2.370589 -1.193096
6.695185 -2.517915
6.741568 -2.110362
2.324461 -1.406430
2.844866 -0.794739
6.195128 -2.511525
2.574896 -1.221179
7.689129 -2.530315
6.321194 -2.261791
5.145888 -1.999787
8.283397 -2.473798
5.633147 -1.605389
2.451988 -1.063776
2.399687 -1.091285
2.557917 -1.055732
5.257690 -1.810199
3.522336 -1.309810
5.522922 -1.733181
1.705411 -0.479612
2.708690 -1.064962
2.712063 -0.953116
2.416004 -0.814724
2.896166 -0.927626
2.763737 -0.841800
3.722847 -1.079312
