1 2 3
2 4 5
2 5 3
6 7 8
7 9 10
9 11 12
11 13 14
6 3 5
13 15 16
8 7 10
15 17 18
10 9 12
1 3 19
17 20 21
12 11 14
20 22 23
14 13 16
6 8 3
22 24 25
16 15 18
8 10 26
24 27 28
18 17 21
10 12 29
1 19 30
27 31 32
21 20 23
3 8 26
12 14 33
31 34 35
23 22 25
14 16 36
34 37 38
25 24 28
26 10 29
16 18 39
37 40 41
28 27 32
29 12 33
18 21 42
40 43 44
32 31 35
3 26 19
33 14 36
21 23 45
43 46 47
35 34 38
36 16 39
23 25 48
46 49 50
38 37 41
26 29 51
39 18 42
25 28 52
49 53 54
41 40 44
29 33 55
42 21 45
28 32 56
53 57 58
44 43 47
33 36 59
45 23 48
19 26 60
32 35 61
57 62 63
57 64 58
47 46 50
36 39 65
48 25 52
35 38 66
26 51 60
50 49 54
51 29 55
39 42 67
52 28 56
38 41 68
54 53 58
69 70 71
70 72 73
70 73 71
55 33 59
42 45 74
56 32 61
41 44 75
63 76 64
77 78 79
59 36 65
45 48 80
61 35 66
44 47 81
57 63 64
30 19 82
78 83 84
19 60 82
65 39 67
48 52 85
66 38 68
47 50 86
83 87 88
51 55 89
67 42 74
52 56 90
68 41 75
50 54 91
60 51 89
87 92 93
55 59 94
74 45 80
56 61 95
75 44 81
54 58 96
77 71 73
92 97 98
59 65 99
79 78 84
80 48 85
61 66 100
64 76 101
81 47 86
97 102 103
30 82 104
84 83 88
65 67 105
85 52 90
58 64 96
66 68 106
86 50 91
82 60 107
76 108 101
69 71 109
102 110 111
89 55 94
88 87 93
67 74 112
90 56 95
68 75 113
91 54 96
60 89 107
110 114 115
94 59 99
93 92 98
74 80 116
95 61 100
75 81 117
114 118 119
77 79 71
99 65 105
98 97 103
80 85 120
100 66 106
81 86 121
79 84 122
96 64 101
118 123 124
105 67 112
103 102 111
104 82 125
85 90 126
106 68 113
86 91 127
84 88 128
123 129 130
82 107 125
69 109 131
89 94 132
112 74 116
111 110 115
90 95 133
113 75 117
91 96 134
71 79 122
88 93 135
129 136 137
107 89 138
94 99 139
116 80 120
115 114 119
95 100 140
117 81 121
93 98 141
108 142 101
136 143 144
99 105 145
120 85 126
119 118 124
100 106 146
121 86 127
122 84 128
98 103 147
143 148 149
96 101 150
105 112 151
126 90 133
124 123 130
106 113 152
127 91 134
104 125 153
89 132 138
128 88 135
103 111 154
148 155 156
132 94 139
112 116 157
133 95 140
130 129 137
125 107 158
113 117 159
134 96 150
71 122 109
135 93 141
111 115 160
155 161 162
139 99 145
116 120 163
140 100 146
137 136 144
117 121 164
107 138 158
141 98 147
115 119 165
161 166 167
108 168 142
145 105 151
120 126 169
146 106 152
144 143 149
121 127 170
122 128 171
147 103 154
119 124 172
166 173 174
151 112 157
126 133 175
152 113 159
149 148 156
127 134 176
150 101 142
128 135 177
154 111 160
124 130 178
153 125 179
173 180 181
138 132 182
132 139 183
157 116 163
133 140 184
159 117 164
156 155 162
135 141 185
125 158 179
160 115 165
130 137 186
109 122 187
134 150 188
180 189 190
139 145 191
163 120 169
140 146 192
164 121 170
162 161 167
180 193 181
141 147 194
165 119 172
137 144 195
158 138 196
145 151 197
122 171 187
169 126 175
146 152 198
170 127 176
167 166 174
142 168 199
171 128 177
147 154 200
172 124 178
144 149 201
151 157 202
175 133 184
152 159 203
176 134 188
174 173 181
182 132 183
177 135 185
154 160 204
168 205 199
178 130 186
149 156 206
150 142 188
138 182 196
183 139 191
157 163 207
153 179 208
184 140 192
159 164 209
185 141 194
160 165 210
190 211 193
186 137 195
156 162 212
179 158 213
131 109 214
191 145 197
163 169 215
192 146 198
164 170 216
180 190 193
109 187 214
194 147 200
165 172 217
195 144 201
162 167 218
158 196 213
197 151 202
169 175 219
198 152 203
170 176 220
171 177 221
200 154 204
172 178 222
201 149 206
167 174 223
187 171 221
188 142 224
202 157 207
175 184 225
203 159 209
176 188 226
182 183 227
177 185 228
204 160 210
178 186 229
206 156 212
174 181 230
183 191 231
207 163 215
184 192 232
209 164 216
196 182 233
208 179 234
185 194 235
210 165 217
186 195 236
212 162 218
193 211 237
191 197 238
215 169 219
192 198 239
216 170 220
179 213 234
131 214 240
194 200 241
217 172 222
195 201 242
181 193 230
218 167 223
214 187 243
142 199 224
197 202 244
211 245 237
219 175 225
198 203 246
220 176 226
213 196 247
221 177 228
200 204 248
222 178 229
201 206 249
223 174 230
205 250 199
187 221 243
202 207 251
225 184 232
203 209 252
188 224 226
182 227 233
227 183 231
228 185 235
204 210 253
229 186 236
206 212 254
231 191 238
207 215 255
232 192 239
209 216 256
196 233 247
235 194 241
210 217 257
236 195 242
212 218 258
208 234 259
238 197 244
215 219 260
239 198 246
216 220 261
230 193 237
241 200 248
234 213 262
217 222 263
240 214 264
242 201 249
218 223 265
244 202 251
219 225 266
246 203 252
224 199 250
220 226 267
214 243 264
221 228 268
226 224 269
248 204 253
222 229 270
213 247 262
249 206 254
223 230 271
251 207 255
225 232 272
252 209 256
205 273 250
227 231 274
233 227 274
243 221 275
228 235 276
253 210 257
229 236 277
254 212 258
231 238 278
255 215 260
232 239 279
256 216 261
245 280 237
247 233 281
235 241 282
257 217 263
236 242 283
258 218 265
238 244 284
259 234 285
260 219 266
239 246 286
261 220 267
230 237 287
241 248 288
263 222 270
242 249 289
265 223 271
234 262 285
240 264 290
224 250 269
221 268 275
244 251 291
266 225 272
246 252 292
267 226 269
268 228 276
248 253 293
270 229 277
264 243 294
249 254 295
271 230 287
250 273 296
262 247 297
251 255 298
272 232 279
274 231 278
252 256 299
233 274 281
276 235 282
253 257 300
277 236 283
254 258 301
243 275 294
278 238 284
255 260 302
279 239 286
256 261 303
282 241 288
257 263 304
247 281 297
283 242 289
258 265 305
245 306 280
273 307 296
284 244 291
260 266 308
286 246 292
261 267 309
259 285 310
288 248 293
263 270 311
289 249 295
265 271 312
267 269 313
250 314 269
291 251 298
287 237 280
266 272 315
292 252 299
285 262 316
290 264 317
275 268 318
268 276 319
293 253 300
270 277 320
295 254 301
298 255 302
264 294 317
272 279 321
274 278 322
299 256 303
281 274 323
262 297 316
271 287 324
276 282 325
300 257 304
277 283 326
301 258 305
278 284 327
302 260 308
279 286 328
303 261 309
294 275 329
282 288 330
304 263 311
283 289 331
305 265 312
297 281 332
284 291 333
308 266 315
286 292 334
309 267 313
280 306 335
288 293 336
311 270 320
289 295 337
310 285 338
312 271 324
313 269 314
318 268 319
291 298 339
315 272 321
292 299 340
250 296 314
306 341 335
275 318 329
287 280 324
319 276 325
293 300 342
285 316 338
290 317 343
320 277 326
295 301 344
274 322 323
298 302 345
322 278 327
321 279 328
299 303 346
281 323 332
317 294 347
325 282 330
296 307 348
300 304 349
316 297 350
326 283 331
301 305 351
327 284 333
302 308 352
328 286 334
303 309 353
294 329 347
330 288 336
304 311 354
331 289 337
305 312 355
333 291 339
309 313 356
297 332 350
308 315 357
334 292 340
336 293 342
324 280 358
307 359 348
311 320 360
337 295 344
312 324 361
313 314 362
318 319 363
310 338 364
339 298 345
315 321 365
340 299 346
314 296 348
319 325 366
342 300 349
320 326 367
329 318 368
344 301 351
323 322 369
338 316 370
343 317 371
345 302 352
322 327 372
321 328 373
346 303 353
332 323 374
325 330 375
349 304 354
326 331 376
351 305 355
317 347 371
316 350 370
327 333 377
352 308 357
328 334 378
353 309 356
330 336 379
354 311 360
331 337 380
355 312 361
280 335 358
347 329 381
356 313 362
333 339 382
357 315 365
334 340 383
350 332 384
336 342 385
360 320 367
337 344 386
335 341 387
318 363 368
324 358 361
363 319 366
362 314 348
339 345 388
365 321 373
340 346 389
364 338 390
369 322 372
366 325 375
323 369 374
342 349 391
367 326 376
344 351 392
329 368 381
341 393 387
372 327 377
345 352 394
373 328 378
346 353 395
338 370 390
343 371 396
332 374 384
375 330 379
349 354 397
376 331 380
351 355 398
348 359 399
377 333 382
352 357 400
353 356 401
371 347 402
378 334 383
370 350 403
379 336 385
354 360 404
380 337 386
355 361 405
358 335 387
356 362 406
382 339 388
357 365 407
361 358 408
383 340 389
347 381 402
350 384 403
385 342 391
360 367 409
386 344 392
363 366 410
368 363 410
348 411 362
388 345 394
365 373 412
389 346 395
359 413 399
369 372 414
366 375 415
369 416 374
391 349 397
367 376 417
392 351 398
364 390 418
372 377 419
381 368 420
394 352 400
373 378 421
395 353 401
375 379 422
390 370 423
396 371 424
397 354 404
384 374 416
376 380 425
398 355 405
377 382 426
400 357 407
401 356 406
378 383 427
371 402 424
370 403 423
379 385 428
404 360 409
380 386 429
405 361 408
408 358 387
406 362 411
382 388 430
407 365 412
383 389 431
348 399 411
402 381 432
385 391 433
409 367 417
410 366 415
386 392 434
368 410 420
403 384 435
388 394 436
387 393 437
412 373 421
389 395 438
414 372 419
369 414 416
415 375 422
391 397 439
417 376 425
392 398 440
418 390 441
419 377 426
394 400 442
421 378 427
395 401 443
381 420 432
422 379 428
397 404 444
393 445 437
384 416 435
425 380 429
398 405 446
390 423 441
396 424 447
426 382 430
401 406 448
400 407 449
427 383 431
399 413 450
405 408 451
428 385 433
404 409 452
429 386 434
424 402 453
387 454 408
423 403 455
406 411 456
430 388 436
407 412 457
431 389 438
433 391 439
409 417 458
410 415 459
434 392 440
420 410 460
402 432 453
411 399 450
403 435 455
436 394 442
412 421 461
438 395 443
414 419 462
416 414 463
415 422 464
439 397 444
417 425 465
440 398 446
413 466 450
419 426 467
442 400 449
421 427 468
443 401 448
418 441 469
432 420 470
422 428 471
444 404 452
425 429 472
446 405 451
435 416 473
426 430 474
448 406 456
449 407 457
427 431 475
441 423 476
447 424 477
451 408 454
428 433 478
452 409 458
429 434 479
387 437 454
456 411 450
430 436 480
457 412 461
424 453 477
431 438 481
423 455 476
410 459 460
433 439 482
459 415 464
458 417 465
434 440 483
420 460 470
414 462 463
436 442 484
461 421 468
438 443 485
453 432 486
462 419 467
455 435 487
437 445 488
416 463 473
464 422 471
439 444 489
465 425 472
440 446 490
467 426 474
442 449 491
443 448 492
468 427 475
471 428 478
432 470 486
446 451 493
444 452 494
472 429 479
469 441 495
435 473 487
474 430 480
448 456 496
449 457 497
475 431 481
445 498 488
451 454 499
441 476 495
478 433 482
447 477 500
452 458 501
479 434 483
450 466 502
454 437 488
480 436 484
457 461 503
481 438 485
460 459 504
477 453 505
476 455 506
482 439 489
459 464 507
458 465 508
456 450 509
483 440 490
463 462 510
470 460 511
484 442 491
461 468 512
485 443 492
462 467 513
453 486 505
463 514 473
455 487 506
464 471 515
489 444 494
465 472 516
490 446 493
467 474 517
491 449 497
492 448 496
468 475 518
493 451 499
471 478 519
466 520 502
494 452 501
472 479 521
486 470 522
496 456 509
469 495 523
474 480 524
497 457 503
487 473 514
475 481 525
499 454 488
478 482 526
501 458 508
479 483 527
495 476 528
500 477 529
504 459 507
480 484 530
460 504 511
503 461 512
481 485 531
507 464 515
482 489 532
510 462 513
508 465 516
483 490 533
477 505 529
476 506 528
509 450 502
470 511 522
484 491 534
513 467 517
512 468 518
485 492 535
463 510 514
515 471 519
489 494 536
488 498 537
490 493 538
516 472 521
505 486 539
506 487 540
517 474 524
491 497 541
492 496 542
518 475 525
493 499 543
519 478 526
494 501 544
521 479 527
486 522 539
524 480 530
497 503 545
525 481 531
487 514 540
496 509 546
523 495 547
488 548 499
526 482 532
501 508 549
527 483 533
498 550 537
504 507 551
530 484 534
504 552 511
503 512 553
531 485 535
495 528 547
500 529 554
502 520 555
510 513 556
507 515 557
532 489 536
508 516 558
533 490 538
534 491 541
513 517 559
529 505 560
512 518 561
509 502 546
528 506 562
535 492 542
522 511 552
514 510 563
515 519 564
536 494 544
538 493 543
516 521 565
517 524 566
505 539 560
542 496 546
541 497 545
506 540 562
518 525 567
543 499 548
519 526 568
544 501 549
521 527 569
488 537 548
524 530 570
545 503 553
525 531 571
520 572 555
539 522 573
540 514 574
526 532 575
549 508 558
523 547 576
527 533 577
551 507 557
504 551 552
530 534 578
553 512 561
531 535 579
510 556 563
556 513 559
546 502 555
547 528 580
557 515 564
554 529 581
532 536 582
558 516 565
533 538 583
534 541 584
559 517 566
561 518 567
535 542 585
522 552 573
514 563 574
528 562 580
529 560 581
564 519 568
536 544 586
538 543 587
565 521 569
566 524 570
541 545 588
537 550 589
567 525 571
542 546 590
560 539 591
562 540 592
543 548 593
568 526 575
544 549 594
569 527 577
570 530 578
545 553 595
571 531 579
539 573 591
548 537 589
575 532 582
549 558 596
540 574 592
577 533 583
551 557 597
552 551 598
576 547 599
578 534 584
553 561 600
579 535 585
556 559 601
563 556 601
557 564 602
582 536 586
550 603 589
558 565 604
583 538 587
546 555 605
547 580 599
554 581 606
555 572 607
559 566 608
584 541 588
585 542 590
561 567 609
573 552 610
564 568 611
587 543 593
574 563 612
586 544 594
565 569 613
580 562 614
581 560 615
566 570 616
588 545 595
567 571 617
590 546 605
593 548 589
568 575 618
594 549 596
569 577 619
560 591 615
562 592 614
570 578 620
595 553 600
571 579 621
551 597 598
575 582 622
596 558 604
577 583 623
597 557 602
591 573 624
572 625 607
592 574 626
552 598 610
578 584 627
600 561 609
579 585 628
601 559 608
563 601 612
576 599 629
602 564 611
582 586 630
583 587 631
604 565 613
608 566 616
584 588 632
609 567 617
585 590 633
599 580 634
606 581 635
605 555 607
573 610 624
611 568 618
587 593 636
586 594 637
613 569 619
574 612 626
616 570 620
588 595 638
580 614 634
581 615 635
617 571 621
618 575 622
594 596 639
590 605 640
589 603 641
619 577 623
615 591 642
614 592 643
620 578 627
595 600 644
621 579 628
593 589 645
598 597 646
622 582 630
596 604 647
623 583 631
597 602 648
598 649 610
627 584 632
591 624 642
600 609 650
592 626 643
628 585 633
601 608 651
612 601 652
602 611 653
630 586 637
631 587 636
604 613 654
629 599 655
608 616 656
632 588 638
609 617 657
633 590 640
603 658 641
605 607 659
599 634 655
606 635 660
611 618 661
636 593 645
607 625 662
637 594 639
624 610 649
613 619 663
626 612 664
616 620 665
638 595 644
617 621 666
634 614 667
635 615 668
618 622 669
639 596 647
619 623 670
640 605 659
620 627 671
644 600 650
646 597 648
621 628 672
615 642 668
614 643 667
645 589 641
622 630 673
648 602 653
647 604 654
623 631 674
598 646 649
601 651 652
627 632 675
650 609 657
628 633 676
651 608 656
612 652 664
642 624 677
643 626 678
653 611 661
625 679 662
630 637 680
631 636 681
654 613 663
629 655 682
656 616 665
632 638 683
657 617 666
633 640 684
661 618 669
637 639 685
663 619 670
624 649 677
659 607 662
636 645 686
655 634 687
660 635 688
626 664 678
665 620 671
638 644 689
666 621 672
669 622 673
639 647 690
670 623 674
634 667 687
635 668 688
640 659 684
671 627 675
646 648 691
644 650 692
672 628 676
641 658 693
673 630 680
648 653 694
647 654 695
668 642 696
674 631 681
667 643 697
652 651 698
649 646 699
645 641 686
675 632 683
650 657 700
676 633 684
651 656 701
652 702 664
653 661 703
680 637 685
681 636 686
642 677 696
654 663 704
643 678 697
656 665 705
683 638 689
657 666 706
682 655 707
661 669 708
685 639 690
663 670 709
658 710 693
677 649 711
665 671 712
659 662 713
689 644 692
666 672 714
655 687 707
678 664 702
660 688 715
662 679 716
684 659 713
669 673 717
690 647 695
670 674 718
646 691 699
691 648 694
671 675 719
687 667 720
688 668 721
692 650 700
672 676 722
686 641 693
698 651 701
673 680 723
694 653 703
695 654 704
674 681 724
649 699 711
667 697 720
668 696 721
675 683 725
701 656 705
700 657 706
676 684 726
652 698 702
703 661 708
680 685 727
704 663 709
681 686 728
696 677 729
697 678 730
705 665 712
683 689 731
706 666 714
679 732 716
708 669 717
685 690 733
682 707 734
709 670 718
712 671 719
689 692 735
714 672 722
677 711 729
713 662 716
678 702 730
684 713 736
707 687 737
715 688 738
717 673 723
690 695 739
718 674 724
691 694 740
699 691 740
719 675 725
692 700 741
722 676 726
687 720 737
688 721 738
686 693 742
698 701 743
694 703 744
723 680 727
724 681 728
695 704 745
693 710 746
725 683 731
701 705 747
711 699 748
700 706 749
726 684 736
702 698 750
720 697 751
721 696 752
703 708 753
727 685 733
704 709 754
728 686 742
705 712 755
731 689 735
706 714 756
696 729 752
697 730 751
708 717 757
733 690 739
709 718 758
734 707 759
712 719 760
735 692 741
714 722 761
729 711 762
713 716 763
717 723 764
730 702 765
710 766 746
739 695 745
718 724 767
740 694 744
699 740 748
707 737 759
715 738 768
716 732 769
736 713 763
719 725 770
741 700 749
722 726 771
698 743 750
743 701 747
744 703 753
723 727 772
745 704 754
724 728 773
737 720 774
738 721 775
742 693 746
747 705 755
725 731 776
749 706 756
711 748 762
702 750 765
726 736 777
753 708 757
727 733 778
720 751 774
721 752 775
754 709 758
755 712 760
731 735 779
756 714 761
728 742 780
757 717 764
752 729 781
751 730 782
733 739 783
758 718 767
732 784 769
760 719 770
768 785 786
735 741 787
761 722 771
734 759 788
764 723 772
739 745 789
763 716 769
767 724 773
729 762 781
740 744 790
730 765 782
748 740 791
770 725 776
736 792 777
741 749 793
771 726 777
759 737 794
743 747 795
750 743 795
744 753 796
772 727 778
745 754 797
773 728 780
737 774 794
747 755 798
776 731 779
738 775 785
749 756 799
742 746 800
762 748 801
746 766 802
753 757 803
778 733 783
765 750 804
754 758 805
774 751 806
775 752 807
755 760 808
779 735 787
756 761 809
768 738 785
780 742 800
757 764 810
783 739 789
758 767 811
784 812 769
812 792 763
736 763 792
812 763 769
752 781 807
751 782 806
760 770 813
787 741 793
761 771 814
740 790 791
764 772 815
788 759 816
789 745 797
767 773 817
790 744 796
792 818 777
748 791 801
781 762 819
782 765 820
770 776 821
793 749 799
771 777 818
795 747 798
766 822 802
750 795 804
759 794 816
796 753 803
772 778 823
797 754 805
773 780 824
798 755 808
776 779 825
799 756 809
794 774 826
785 775 827
762 801 819
800 746 802
803 757 810
778 783 828
805 758 811
765 804 820
808 760 813
779 787 829
809 761 814
774 806 826
775 807 827
810 764 815
786 785 830
783 789 831
780 800 824
811 767 817
813 770 821
787 793 832
814 771 818
807 781 833
806 782 834
791 790 835
815 772 823
789 797 836
817 773 824
790 796 837
788 816 838
791 839 801
821 776 825
793 799 840
792 841 818
795 798 842
781 819 833
782 820 834
804 795 843
796 803 844
823 778 828
797 805 845
816 794 846
798 808 847
825 779 829
799 809 848
803 810 849
828 783 831
805 811 850
794 826 846
819 801 839
785 827 851
785 851 830
800 802 852
820 804 853
824 800 852
808 813 854
829 787 832
809 814 855
802 822 856
810 815 857
826 806 858
827 807 859
831 789 836
811 817 860
813 821 861
835 790 837
814 818 862
832 793 840
806 834 858
807 833 859
815 823 863
837 796 844
836 797 845
817 824 864
791 835 839
795 842 843
821 825 865
840 799 848
842 798 847
838 816 866
851 827 867
804 843 853
833 819 868
844 803 849
834 820 869
823 828 870
845 805 850
822 871 856
847 808 854
825 829 872
848 809 855
816 846 866
867 827 859
849 810 857
828 831 873
850 811 860
819 839 868
818 841 862
852 802 856
854 813 861
846 826 874
820 853 869
829 832 875
855 814 862
824 852 876
857 815 863
831 836 877
860 817 864
826 858 874
835 837 878
861 821 865
832 840 879
863 823 870
837 844 880
836 845 881
864 824 876
843 842 882
839 835 883
858 834 884
859 833 885
885 833 886
867 859 885
865 825 872
840 848 887
842 847 888
853 843 889
844 849 890
870 828 873
838 866 891
845 850 892
833 868 886
834 869 884
847 854 893
872 829 875
848 855 894
866 846 895
849 857 896
873 831 877
850 860 897
854 861 898
875 832 879
868 839 899
869 853 889
852 856 900
846 874 895
857 863 901
876 852 900
877 836 881
860 864 902
835 878 883
856 871 903
878 837 880
855 862 894
861 865 904
879 840 887
874 858 905
882 842 888
880 844 890
863 870 906
843 882 889
881 845 892
839 883 899
865 872 907
888 847 893
864 908 902
887 848 894
858 884 905
890 849 896
870 873 909
892 850 897
886 868 910
891 866 911
893 854 898
872 875 912
884 869 913
896 857 901
871 914 903
873 877 915
897 860 902
869 889 913
866 895 911
898 861 904
875 879 916
868 899 910
900 856 903
901 863 906
877 881 917
895 874 918
876 900 908
878 880 919
883 878 919
904 865 907
879 887 920
882 888 921
874 905 918
880 890 922
906 870 909
864 876 908
889 882 921
881 892 923
907 872 912
888 893 924
887 894 925
899 883 926
905 884 927
890 896 928
909 873 915
892 897 929
930 886 910
893 898 931
912 875 916
891 911 932
884 913 927
896 901 933
915 877 917
897 902 934
913 889 935
898 904 936
916 879 920
911 895 937
901 906 938
917 881 923
919 880 922
883 919 926
900 903 939
910 899 926
908 900 939
895 918 937
904 907 940
920 887 925
921 888 924
903 914 941
889 921 935
922 890 928
906 909 942
923 892 929
902 908 943
918 905 944
924 893 931
907 912 945
930 910 946
928 896 933
909 915 947
929 897 934
905 927 944
931 898 936
912 916 948
933 901 938
932 911 949
915 917 950
934 902 943
927 913 951
936 904 940
916 920 952
910 926 946
914 953 941
911 937 949
938 906 942
913 935 951
917 923 954
919 922 955
926 919 956
957 930 946
940 907 945
939 903 941
920 958 959
908 939 960
921 924 961
937 918 962
922 928 963
942 909 947
923 929 964
924 931 965
935 921 966
945 912 948
943 908 960
918 944 962
928 933 967
947 915 950
929 934 968
931 936 969
948 916 952
944 927 970
926 971 946
933 938 972
950 917 954
932 949 973
934 943 974
927 951 970
936 940 975
952 920 959
919 955 956
938 942 976
920 925 958
954 923 964
955 922 963
949 937 977
951 935 978
921 961 966
957 946 971
940 945 979
961 924 965
960 939 980
939 941 980
963 928 967
942 947 981
964 929 968
937 962 977
965 931 969
945 948 982
941 953 983
943 960 984
935 966 978
967 933 972
962 944 985
947 950 986
968 934 974
969 936 975
926 956 971
948 952 987
944 970 985
972 938 976
950 954 988
989 957 971
975 940 979
952 959 990
974 943 984
973 949 991
956 955 992
970 951 993
976 942 981
954 964 994
955 963 995
959 958 996
953 997 983
979 945 982
949 977 991
966 961 998
961 965 999
951 978 993
960 980 984
963 967 1000
981 947 986
964 968 1001
980 941 983
977 962 1002
965 969 1003
982 948 987
971 956 992
967 972 1004
986 950 988
978 966 1005
968 974 1006
962 985 1002
969 975 1007
987 952 990
972 976 1008
988 954 994
985 970 1009
989 971 1010
992 955 995
975 979 1011
990 959 996
974 1012 1006
976 981 1013
973 991 1014
995 963 1000
994 964 1001
970 993 1009
998 961 999
979 982 1015
966 998 1005
999 965 1003
991 977 1016
1000 967 1004
981 986 1017
993 978 1018
1001 968 1006
980 1019 984
1003 969 1007
982 987 1020
971 992 1010
977 1002 1016
1004 972 1008
986 988 1021
983 997 1022
978 1005 1018
1007 975 1011
987 990 1023
1002 985 1024
1008 976 1013
988 994 1025
1026 989 1010
974 984 1012
992 995 1027
1011 979 1015
985 1009 1024
990 996 1028
980 983 1019
1013 981 1017
995 1000 1029
994 1001 1030
998 999 1031
1014 991 1032
1009 993 1033
1015 982 1020
999 1003 1034
1005 998 1031
997 1035 1022
1000 1004 1036
1017 986 1021
1001 1006 1037
991 1016 1032
993 1018 1033
1010 992 1027
1003 1007 1038
1020 987 1023
1004 1008 1039
1021 988 1025
1016 1002 1040
1012 984 1019
1007 1011 1041
1023 990 1028
1018 1005 1042
1002 1024 1040
1008 1013 1043
1025 994 1030
1006 1012 1044
1027 995 1029
1026 1010 1045
1011 1015 1046
1019 983 1022
1024 1009 1047
1031 999 1034
1029 1000 1036
1013 1017 1048
1030 1001 1037
1015 1020 1049
1034 1003 1038
1005 1031 1042
1014 1032 1050
1009 1033 1047
1036 1004 1039
1017 1021 1051
1037 1006 1044
1010 1027 1045
1038 1007 1041
1020 1023 1052
1032 1016 1053
1033 1018 1054
1039 1008 1043
1021 1025 1055
1012 1019 1056
1016 1040 1053
1041 1011 1046
1022 1035 1057
1018 1042 1054
1043 1013 1048
1025 1030 1058
1027 1029 1059
1060 1026 1045
1040 1024 1061
1023 1028 1062
1046 1015 1049
1044 1012 1056
1031 1034 1063
1019 1022 1057
1029 1036 1064
1048 1017 1051
1030 1037 1065
1024 1047 1061
1049 1020 1052
1034 1038 1066
1042 1031 1067
1036 1039 1068
1050 1032 1069
1051 1021 1055
1047 1033 1070
1038 1041 1071
1052 1023 1062
1037 1044 1072
1035 1073 1057
1045 1027 1059
1032 1053 1069
1039 1043 1074
1033 1054 1070
1055 1025 1058
1056 1019 1057
1041 1046 1075
1053 1040 1076
1043 1048 1077
1058 1030 1065
1059 1029 1064
1054 1042 1078
1046 1049 1079
1031 1063 1067
1062 1028 1080
1040 1061 1076
1063 1034 1066
1060 1045 1081
1064 1036 1068
1044 1056 1082
1048 1051 1083
1065 1037 1072
1066 1038 1071
1049 1052 1084
1061 1047 1085
1068 1039 1074
1051 1055 1086
1042 1067 1078
1050 1069 1087
1047 1070 1085
1071 1041 1075
1045 1059 1081
1072 1044 1082
1052 1062 1088
1074 1043 1077
1055 1058 1089
1069 1053 1090
1070 1054 1091
1075 1046 1079
1077 1048 1083
1058 1065 1092
1053 1076 1090
1059 1064 1093
1056 1057 1094
1079 1049 1084
1054 1078 1091
1057 1073 1095
1063 1066 1096
1067 1063 1096
1097 1060 1081
1062 1080 1088
1076 1061 1098
1064 1068 1099
1083 1051 1086
1065 1072 1100
1082 1056 1094
1066 1071 1101
1084 1052 1088
1061 1085 1098
1068 1074 1102
1086 1055 1089
1078 1067 1103
1071 1075 1104
1087 1069 1105
1085 1070 1106
1074 1077 1107
1089 1058 1092
1072 1082 1108
1081 1059 1093
1073 1109 1095
1075 1079 1110
1069 1090 1105
1070 1091 1106
1077 1083 1111
1092 1065 1100
1093 1064 1099
1088 1080 1112
1090 1076 1113
1079 1084 1114
1096 1066 1101
1067 1096 1103
1091 1078 1115
1094 1057 1095
1099 1068 1102
1083 1086 1116
1100 1072 1108
1076 1098 1113
1101 1071 1104
1084 1088 1117
1097 1081 1118
1082 1094 1119
1102 1074 1107
1086 1089 1120
1098 1085 1121
1078 1103 1115
1104 1075 1110
1087 1105 1122
1107 1077 1111
1085 1106 1121
1089 1092 1123
1081 1093 1124
1108 1082 1119
1110 1079 1114
1105 1090 1125
1106 1091 1126
1111 1083 1116
1093 1099 1127
1092 1100 1128
1114 1084 1117
1088 1112 1129
1096 1101 1130
1090 1113 1125
1103 1096 1131
1099 1102 1132
1116 1086 1120
1091 1115 1126
1095 1109 1133
1094 1095 1134
1101 1104 1135
1100 1108 1136
1137 1097 1118
1117 1088 1129
1113 1098 1138
1102 1107 1139
1120 1089 1123
1119 1094 1134
1104 1110 1140
1098 1121 1138
1115 1103 1141
1081 1124 1118
1107 1111 1142
1123 1092 1128
1124 1093 1127
1122 1105 1143
1121 1106 1144
1110 1114 1145
1108 1119 1146
1109 1147 1133
1111 1116 1148
1127 1099 1132
1128 1100 1136
1096 1130 1131
1105 1125 1143
1106 1126 1144
1114 1117 1149
1130 1101 1135
1103 1131 1141
1132 1102 1139
1116 1120 1150
1125 1113 1151
1129 1112 1152
1126 1115 1153
1135 1104 1140
1134 1095 1133
1136 1108 1146
1113 1138 1151
1139 1107 1142
1120 1123 1154
1117 1129 1155
1140 1110 1145
1119 1134 1156
1138 1121 1157
1115 1141 1153
1142 1111 1148
1123 1128 1158
1137 1118 1159
1124 1127 1160
1145 1114 1149
1118 1124 1160
1122 1143 1161
1121 1144 1157
1148 1116 1150
1127 1132 1162
1146 1119 1156
1128 1136 1163
1131 1130 1164
1149 1117 1155
1143 1125 1165
1130 1135 1166
1144 1126 1167
1132 1139 1168
1150 1120 1154
1141 1131 1169
1125 1151 1165
1135 1140 1170
1129 1152 1171
1126 1153 1167
1134 1133 1172
1133 1147 1173
1136 1146 1174
1139 1142 1175
1154 1123 1158
1176 1137 1177
1151 1138 1178
1155 1129 1171
1140 1145 1179
1156 1134 1172
1142 1148 1180
1158 1128 1163
1153 1141 1181
1160 1127 1162
1138 1157 1178
1145 1149 1182
1118 1160 1159
1137 1159 1177
1164 1130 1166
1161 1143 1183
1162 1132 1168
1148 1150 1184
1157 1144 1185
1131 1164 1169
1163 1136 1174
1146 1156 1186
1166 1135 1170
1147 1187 1173
1149 1155 1188
1143 1165 1183
1144 1167 1185
1168 1139 1175
1150 1154 1189
1141 1169 1181
1170 1140 1179
1165 1151 1190
1172 1133 1173
1167 1153 1191
1175 1142 1180
1171 1152 1192
1154 1158 1193
1174 1146 1186
1179 1145 1182
1151 1178 1190
1155 1171 1194
1180 1148 1184
1156 1172 1195
1158 1163 1196
1160 1162 1197
1153 1181 1191
1182 1149 1188
1178 1157 1198
1164 1166 1199
1162 1168 1200
1184 1150 1189
1164 1201 1169
1161 1183 1202
1159 1160 1203
1157 1185 1198
1163 1174 1204
1166 1170 1205
1188 1155 1194
1186 1156 1195
1168 1175 1206
1189 1154 1193
1183 1165 1207
1185 1167 1208
1181 1169 1201
1170 1179 1209
1176 1177 1210
1175 1180 1211
1193 1158 1196
1165 1190 1207
1171 1192 1212
1167 1191 1208
1172 1173 1195
1179 1182 1213
1174 1186 1214
1215 1176 1210
1173 1187 1216
1160 1197 1203
1190 1178 1217
1180 1184 1218
1197 1162 1200
1196 1163 1204
1194 1171 1212
1182 1188 1219
1191 1181 1220
1177 1159 1221
1199 1166 1205
1178 1198 1217
1200 1168 1206
1164 1199 1201
1184 1189 1222
1205 1170 1209
1204 1174 1214
1202 1183 1223
1198 1185 1224
1159 1203 1221
1186 1195 1225
1188 1194 1219
1206 1175 1211
1189 1193 1226
1195 1173 1216
1187 1227 1216
1181 1201 1220
1209 1179 1213
1183 1207 1223
1185 1208 1224
1211 1180 1218
1193 1196 1228
1207 1190 1229
1213 1182 1219
1208 1191 1230
1212 1192 1231
1214 1186 1225
1218 1184 1222
1197 1200 1232
1203 1197 1233
1196 1204 1234
1177 1221 1210
1190 1217 1229
1194 1212 1235
1191 1220 1230
1199 1205 1236
1200 1206 1237
1222 1189 1226
1201 1199 1238
1217 1198 1239
1219 1194 1235
1221 1203 1233
1205 1209 1240
1204 1214 1241
1225 1195 1242
1202 1223 1243
1206 1211 1244
1198 1224 1239
1226 1193 1228
1195 1216 1242
1209 1213 1245
1220 1201 1246
1223 1207 1247
1215 1210 1248
1224 1208 1249
1211 1218 1250
1228 1196 1234
1251 1215 1248
1213 1219 1252
1212 1231 1253
1197 1232 1233
1207 1229 1247
1208 1230 1249
1214 1225 1254
1218 1222 1255
1232 1200 1237
1216 1227 1256
1234 1204 1241
1210 1221 1257
1199 1236 1238
1229 1217 1258
1236 1205 1240
1221 1233 1257
1237 1206 1244
1230 1220 1259
1222 1226 1260
1235 1212 1253
1201 1238 1246
1217 1239 1258
1240 1209 1245
1219 1235 1261
1241 1214 1254
1244 1211 1250
1226 1228 1262
1225 1242 1263
1243 1223 1264
1239 1224 1265
1245 1213 1252
1242 1216 1256
1220 1246 1259
1227 1266 1256
1250 1218 1255
1228 1234 1267
1223 1247 1264
1224 1249 1265
1252 1219 1261
1233 1232 1268
1253 1231 1269
1254 1225 1263
1255 1222 1260
1232 1237 1270
1247 1229 1271
1249 1230 1272
1234 1241 1273
1238 1236 1274
1236 1240 1275
1210 1257 1248
1229 1258 1271
1237 1244 1276
1260 1226 1262
1246 1238 1277
1230 1259 1272
1235 1253 1278
1257 1233 1279
1240 1245 1280
1258 1239 1281
1262 1228 1267
1244 1250 1282
1241 1254 1283
1263 1242 1284
1261 1235 1278
1245 1252 1285
1286 1251 1287
1243 1264 1288
1251 1248 1287
1239 1265 1281
1242 1256 1284
1259 1246 1277
1250 1255 1289
1267 1234 1273
1268 1232 1270
1233 1268 1279
1253 1269 1290
1264 1247 1291
1265 1249 1292
1252 1261 1293
1270 1237 1276
1255 1260 1294
1274 1236 1275
1254 1263 1295
1238 1274 1277
1247 1271 1291
1273 1241 1283
1249 1272 1292
1275 1240 1280
1248 1257 1296
1256 1266 1297
1276 1244 1282
1260 1262 1298
1271 1258 1299
1280 1245 1285
1272 1259 1300
1278 1253 1301
1257 1279 1296
1262 1267 1302
1282 1250 1289
1258 1281 1299
1283 1254 1295
1259 1277 1300
1263 1284 1303
1285 1252 1293
1261 1278 1304
1253 1290 1301
1269 1305 1290
1288 1264 1306
1281 1265 1307
1289 1255 1294
1284 1256 1297
1267 1273 1308
1268 1270 1309
1266 1310 1297
1264 1291 1306
1279 1268 1309
1265 1292 1307
1270 1276 1311
1294 1260 1298
1274 1275 1312
1293 1261 1304
1277 1274 1312
1295 1263 1303
1273 1283 1313
1275 1280 1314
1291 1271 1315
1292 1272 1316
1317 1286 1318
1276 1282 1319
1298 1262 1302
1248 1296 1320
1280 1285 1321
1271 1299 1315
1272 1300 1316
1302 1267 1308
1282 1289 1322
1286 1287 1318
1278 1301 1323
1287 1248 1320
1296 1279 1324
1283 1295 1325
1290 1305 1326
1299 1281 1327
1300 1277 1328
1285 1293 1329
1303 1284 1297
1289 1294 1330
1308 1273 1313
1309 1270 1311
1288 1306 1331
1304 1278 1323
1281 1307 1327
1301 1290 1332
1279 1309 1324
1312 1275 1314
1311 1276 1319
1294 1298 1333
1277 1312 1328
1306 1291 1334
1307 1292 1335
1314 1280 1321
1295 1303 1336
1313 1283 1325
1305 1337 1326
1293 1304 1338
1298 1302 1339
1319 1282 1322
1291 1315 1334
1292 1316 1335
1321 1285 1329
1297 1310 1340
1320 1296 1341
1315 1299 1342
1302 1308 1343
1322 1289 1330
1316 1300 1344
1345 1317 1346
1290 1326 1332
1303 1297 1347
1325 1295 1336
1323 1301 1332
1329 1293 1338
1299 1327 1342
1287 1320 1348
1296 1324 1341
1330 1294 1333
1300 1328 1344
1308 1313 1349
1309 1311 1350
1331 1306 1351
1327 1307 1352
1304 1323 1353
1312 1314 1354
1333 1298 1339
1311 1319 1355
1317 1318 1346
1324 1309 1356
1310 1357 1340
1306 1334 1351
1314 1321 1358
1307 1335 1352
1328 1312 1359
1313 1325 1360
1336 1303 1347
1339 1302 1343
1326 1337 1361
1319 1322 1362
1338 1304 1353
1337 1363 1361
1334 1315 1364
1335 1316 1365
1321 1329 1366
1318 1287 1348
1320 1341 1348
1343 1308 1349
1322 1330 1367
1323 1332 1368
1315 1342 1364
1316 1344 1365
1332 1326 1369
1347 1297 1340
1370 1345 1371
1325 1336 1372
1309 1350 1356
1329 1338 1373
1330 1333 1374
1350 1311 1355
1342 1327 1375
1341 1324 1376
1349 1313 1360
1344 1328 1377
1312 1354 1359
1354 1314 1358
1331 1351 1378
1333 1339 1379
1327 1352 1375
1355 1319 1362
1353 1323 1368
1358 1321 1366
1324 1356 1376
1363 1380 1381
1351 1334 1382
1360 1325 1372
1328 1359 1377
1352 1335 1383
1336 1347 1384
1339 1343 1385
1362 1322 1367
1345 1346 1371
1326 1361 1369
1338 1353 1386
1318 1348 1387
1366 1329 1373
1348 1341 1388
1361 1363 1381
1389 1370 1390
1334 1364 1382
1335 1365 1383
1343 1349 1391
1367 1330 1374
1368 1332 1392
1340 1357 1393
1332 1369 1392
1364 1342 1394
1365 1344 1395
1347 1340 1393
1372 1336 1384
1346 1318 1387
1374 1333 1379
1380 1396 1397
1350 1355 1398
1373 1338 1386
1356 1350 1399
1349 1360 1391
1396 1389 1400
1342 1375 1394
1341 1376 1388
1354 1358 1401
1359 1354 1401
1344 1377 1395
1379 1339 1385
1355 1362 1402
1353 1368 1403
1378 1351 1404
1375 1352 1405
1358 1366 1406
1370 1371 1390
1369 1361 1407
1385 1343 1391
1357 1408 1393
1376 1356 1409
1362 1367 1410
1360 1372 1411
1381 1380 1397
1384 1347 1393
1351 1382 1404
1352 1383 1405
1377 1359 1412
1387 1348 1413
1366 1373 1414
1348 1388 1413
1386 1353 1403
1361 1381 1415
1367 1374 1416
1382 1364 1417
1383 1365 1418
1368 1392 1419
1392 1369 1420
1350 1398 1399
1391 1360 1411
1389 1390 1400
1364 1394 1417
1374 1379 1421
1365 1395 1418
1398 1355 1402
1397 1396 1400
1356 1399 1409
1371 1346 1422
1372 1384 1423
1373 1386 1424
1346 1387 1422
1401 1358 1406
1359 1401 1412
1388 1376 1425
1394 1375 1426
1379 1385 1427
1402 1362 1410
1395 1377 1428
1407 1361 1415
1406 1366 1414
1403 1368 1419
1378 1404 1429
1375 1405 1426
1385 1391 1430
1410 1367 1416
1369 1407 1420
1381 1397 1431
1411 1372 1423
1376 1409 1425
1377 1412 1428
1404 1382 1432
1405 1383 1433
1414 1373 1424
1390 1371 1434
1387 1413 1435
1416 1374 1421
1413 1388 1436
1386 1403 1437
1382 1417 1432
1383 1418 1433
1384 1393 1438
1415 1381 1431
1419 1392 1420
1399 1398 1439
1393 1408 1440
1391 1411 1441
1397 1400 1442
1421 1379 1427
1398 1402 1443
1400 1390 1444
1417 1394 1445
1418 1395 1446
1423 1384 1438
1409 1399 1447
1371 1422 1434
1401 1406 1448
1424 1386 1437
1412 1401 1449
1422 1387 1435
1427 1385 1430
1402 1410 1450
1388 1425 1436
1394 1426 1445
1395 1428 1446
1406 1414 1451
1407 1415 1452
1403 1419 1453
1430 1391 1441
1429 1404 1454
1426 1405 1455
1410 1416 1456
1407 1457 1420
1411 1423 1458
1431 1397 1442
1408 1459 1440
1425 1409 1460
1428 1412 1461
1404 1432 1454
1405 1433 1455
1414 1424 1462
1435 1413 1463
1419 1420 1464
1416 1421 1465
1413 1436 1463
1390 1434 1444
1439 1398 1443
1399 1439 1447
1437 1403 1453
1432 1417 1466
1415 1431 1467
1433 1418 1468
1442 1400 1444
1421 1427 1469
1438 1393 1440
1443 1402 1450
1401 1448 1449
1441 1411 1458
1422 1435 1470
1448 1406 1451
1417 1445 1466
1409 1447 1460
1418 1446 1468
1434 1422 1471
1427 1430 1472
1423 1438 1473
1412 1449 1461
1450 1410 1456
1436 1425 1474
1424 1437 1475
1445 1426 1476
1451 1414 1462
1452 1415 1467
1446 1428 1477
1453 1419 1464
1456 1416 1465
1407 1452 1457
1430 1441 1478
1429 1454 1479
1426 1455 1476
1431 1442 1480
1458 1423 1473
1464 1420 1457
1462 1424 1475
1465 1421 1469
1428 1461 1477
1444 1434 1481
1425 1460 1474
1454 1432 1482
1455 1433 1483
1439 1443 1484
1447 1439 1484
1422 1470 1471
1442 1444 1485
1435 1463 1486
1437 1453 1487
1463 1436 1488
1469 1427 1472
1432 1466 1482
1443 1450 1489
1433 1468 1483
1467 1431 1480
1449 1448 1490
1438 1440 1491
1441 1458 1492
1440 1459 1493
1448 1451 1490
1470 1435 1486
1472 1430 1478
1466 1445 1494
1460 1447 1495
1468 1446 1496
1450 1456 1497
1434 1471 1481
1461 1449 1498
1436 1474 1488
1473 1438 1491
1475 1437 1487
1451 1462 1499
1453 1464 1500
1445 1476 1494
1446 1477 1496
1456 1465 1501
1452 1467 1502
1478 1441 1492
1479 1454 1503
1476 1455 1504
1480 1442 1485
1457 1452 1502
1458 1473 1505
1465 1469 1506
1444 1481 1485
1474 1460 1507
1484 1443 1489
1459 1508 1493
1462 1475 1509
1477 1461 1510
1447 1484 1495
1454 1482 1503
1455 1483 1504
1464 1457 1511
1469 1472 1512
1471 1470 1513
1463 1488 1514
1486 1463 1514
1489 1450 1497
1487 1453 1500
1449 1490 1498
1482 1466 1515
1467 1480 1516
1483 1468 1517
1490 1451 1499
1491 1440 1493
1492 1458 1505
1472 1478 1518
1497 1456 1501
1460 1495 1507
1470 1486 1519
1466 1494 1515
1481 1471 1520
1461 1498 1510
1468 1496 1517
1488 1474 1521
1473 1491 1522
1499 1462 1509
1475 1487 1523
1500 1464 1511
1501 1465 1506
1494 1476 1524
1502 1467 1516
1496 1477 1525
1480 1485 1526
1478 1492 1527
1485 1481 1528
1479 1503 1529
1506 1469 1512
1476 1504 1524
1457 1502 1530
1505 1473 1522
1484 1489 1531
1474 1507 1521
1509 1475 1523
1477 1510 1525
1495 1484 1532
1513 1470 1519
1511 1457 1530
1471 1513 1520
1503 1482 1533
1504 1483 1534
1512 1472 1518
1489 1497 1535
1487 1500 1536
1498 1490 1537
1514 1488 1538
1486 1514 1539
1490 1499 1537
1482 1515 1533
1483 1517 1534
1516 1480 1526
1491 1493 1540
1492 1505 1541
1497 1501 1542
1518 1478 1527
1493 1508 1543
1507 1495 1544
1488 1521 1538
1510 1498 1545
1519 1486 1539
1515 1494 1546
1481 1520 1528
1517 1496 1547
1522 1491 1540
1499 1509 1548
1501 1506 1549
1523 1487 1536
1500 1511 1550
1494 1524 1546
1502 1516 1551
1496 1525 1547
1526 1485 1552
1485 1528 1552
1484 1531 1532
1506 1512 1553
1527 1492 1541
1531 1489 1535
1529 1503 1554
1524 1504 1555
1505 1522 1556
1521 1507 1557
1530 1502 1551
1495 1532 1544
1525 1510 1558
1509 1523 1559
1512 1518 1560
1508 1561 1543
1513 1519 1562
1498 1537 1545
1535 1497 1542
1520 1513 1563
1503 1533 1554
1504 1534 1555
1537 1499 1548
1511 1530 1564
1536 1500 1550
1539 1514 1565
1514 1538 1565
1542 1501 1549
1533 1515 1566
1534 1517 1567
1540 1493 1543
1541 1505 1556
1518 1527 1568
1516 1526 1569
1510 1545 1558
1507 1544 1557
1519 1539 1562
1538 1521 1570
1548 1509 1559
1515 1546 1566
1522 1571 1556
1517 1547 1567
1549 1506 1553
1528 1520 1572
1550 1511 1564
1523 1536 1573
1546 1524 1574
1551 1516 1569
1547 1525 1575
1553 1512 1560
1532 1531 1576
1526 1552 1577
1552 1528 1578
1531 1535 1579
1527 1541 1580
1513 1562 1563
1521 1557 1570
1529 1554 1581
1524 1555 1574
1560 1518 1568
1530 1551 1582
1544 1532 1583
1525 1558 1575
1535 1542 1584
1559 1523 1573
1545 1537 1585
1520 1563 1572
1537 1548 1586
1554 1533 1587
1555 1534 1588
1536 1550 1589
1564 1530 1582
1539 1565 1590
1522 1540 1571
1565 1538 1591
1542 1549 1592
1562 1539 1590
1568 1527 1580
1533 1566 1587
1541 1556 1593
1534 1567 1588
1540 1543 1571
1569 1526 1577
1557 1544 1594
1558 1545 1595
1543 1561 1596
1549 1553 1597
1538 1570 1591
1548 1559 1598
1566 1546 1599
1567 1547 1600
1528 1572 1578
1550 1564 1601
1576 1531 1579
1573 1536 1589
1532 1576 1583
1577 1552 1602
1553 1560 1603
1552 1578 1602
1579 1535 1584
1546 1574 1599
1551 1569 1604
1547 1575 1600
1580 1541 1593
1585 1537 1586
1563 1562 1605
1570 1557 1606
1581 1554 1607
1560 1568 1608
1574 1555 1609
1584 1542 1592
1544 1583 1594
1545 1585 1595
1575 1558 1610
1563 1611 1572
1559 1573 1612
1586 1548 1598
1582 1551 1604
1561 1613 1596
1589 1550 1601
1554 1587 1607
1555 1588 1609
1592 1549 1597
1565 1591 1614
1569 1577 1615
1590 1565 1614
1564 1582 1616
1556 1571 1617
1562 1590 1618
1593 1556 1617
1568 1580 1619
1587 1566 1620
1588 1567 1621
1578 1572 1622
1571 1543 1596
1558 1595 1610
1557 1594 1606
1597 1553 1603
1570 1623 1591
1598 1559 1612
1566 1599 1620
1576 1579 1624
1601 1564 1616
1567 1600 1621
1573 1589 1625
1603 1560 1608
1583 1576 1624
1579 1584 1626
1605 1562 1618
1604 1569 1615
1599 1574 1627
1600 1575 1628
1580 1593 1629
1577 1602 1630
1585 1586 1631
1602 1578 1632
1608 1568 1619
1584 1592 1633
1563 1605 1611
1594 1583 1634
1581 1607 1635
1595 1585 1636
1574 1609 1627
1575 1610 1628
1586 1598 1637
1582 1604 1638
1612 1573 1625
1589 1601 1639
1592 1597 1640
1607 1587 1641
1570 1606 1623
1609 1588 1642
1615 1577 1630
1622 1572 1611
1614 1591 1623
1590 1614 1643
1616 1582 1638
1619 1580 1629
1578 1622 1632
1617 1571 1644
1597 1603 1645
1606 1594 1646
1593 1647 1629
1587 1620 1641
1588 1621 1642
1618 1590 1643
1610 1595 1636
1571 1596 1644
1624 1579 1626
1596 1613 1648
1598 1612 1649
1603 1608 1650
1620 1599 1651
1583 1624 1634
1621 1600 1652
1601 1616 1653
1626 1584 1633
1625 1589 1639
1585 1631 1636
1604 1615 1654
1631 1586 1637
1599 1627 1651
1600 1628 1652
1605 1618 1655
1602 1632 1656
1630 1602 1656
1633 1592 1640
1608 1619 1657
1594 1634 1646
1635 1607 1658
1627 1609 1659
1637 1598 1649
1628 1610 1660
1611 1605 1655
1640 1597 1645
1639 1601 1653
1612 1625 1661
1638 1604 1654
1593 1617 1647
1613 1662 1648
1607 1641 1658
1610 1636 1660
1609 1642 1659
1643 1614 1663
1623 1606 1646
1615 1630 1664
1614 1623 1663
1645 1603 1650
1619 1629 1665
1632 1622 1666
1622 1611 1666
1616 1638 1667
1617 1644 1647
1618 1643 1668
1641 1620 1669
1624 1626 1670
1642 1621 1671
1644 1596 1648
1650 1608 1657
1649 1612 1661
1634 1624 1670
1626 1633 1672
1620 1651 1669
1625 1639 1673
1621 1652 1671
1653 1616 1667
1636 1631 1674
1631 1637 1674
1654 1615 1664
1655 1618 1668
1633 1640 1675
1651 1627 1676
1656 1632 1677
1652 1628 1678
1630 1679 1664
1657 1619 1665
1646 1634 1680
1623 1646 1681
1640 1645 1682
1635 1658 1683
1611 1655 1684
1627 1659 1676
1637 1649 1685
1628 1660 1678
1639 1653 1686
1661 1625 1673
1638 1654 1687
1629 1647 1688
1660 1636 1689
1658 1641 1690
1645 1650 1691
1659 1642 1692
1632 1666 1677
1643 1663 1693
1666 1611 1684
1665 1629 1688
1663 1623 1694
1670 1626 1672
1667 1638 1687
1647 1644 1695
1668 1643 1693
1641 1669 1690
1642 1671 1692
1634 1670 1680
1644 1648 1695
1650 1657 1696
1672 1633 1675
1648 1662 1697
1649 1661 1698
1636 1674 1689
1630 1656 1679
1673 1639 1686
1674 1637 1685
1669 1651 1699
1671 1652 1700
1653 1667 1701
1654 1664 1702
1675 1640 1682
1655 1668 1703
1623 1681 1694
1657 1665 1704
1651 1676 1699
1646 1680 1681
1656 1677 1679
1652 1678 1700
1682 1645 1691
1685 1649 1698
1683 1658 1705
1676 1659 1706
1686 1653 1701
1678 1660 1707
1684 1655 1703
1661 1673 1708
1687 1654 1702
1691 1650 1696
1662 1709 1697
1688 1647 1710
1658 1690 1705
1659 1692 1706
1677 1666 1711
1670 1672 1712
1693 1663 1713
1660 1689 1707
1665 1714 1704
1666 1684 1711
1663 1694 1713
1680 1670 1715
1696 1657 1704
1668 1693 1716
1667 1687 1717
1647 1695 1710
1690 1669 1718
1672 1675 1719
1692 1671 1720
1695 1648 1697
1698 1661 1708
1673 1686 1721
1674 1685 1722
1664 1679 1723
1669 1699 1718
1671 1700 1720
1689 1674 1724
1675 1682 1725
1681 1680 1726
1701 1667 1717
1702 1664 1723
1703 1668 1716
1699 1676 1727
1694 1681 1728
1700 1678 1729
1682 1691 1730
1679 1677 1731
1685 1698 1732
1684 1703 1733
1683 1705 1734
1676 1706 1727
1686 1701 1735
1665 1688 1714
1678 1707 1729
1708 1673 1721
1670 1712 1715
1691 1696 1736
1687 1702 1737
1712 1672 1719
1677 1711 1731
1688 1710 1714
1705 1690 1738
1706 1692 1739
1711 1684 1733
1693 1713 1740
1707 1689 1741
1713 1694 1742
1680 1715 1726
1719 1675 1725
1696 1704 1743
1674 1722 1724
1716 1693 1740
1690 1718 1738
1710 1695 1744
1692 1720 1739
1717 1687 1737
1695 1697 1744
1698 1708 1745
1721 1686 1735
1722 1685 1732
1697 1709 1746
1725 1682 1730
1681 1726 1728
1689 1724 1741
1718 1699 1747
1723 1679 1748
1720 1700 1749
1701 1717 1750
1703 1716 1751
1702 1723 1752
1694 1728 1742
1730 1691 1736
1699 1727 1747
1700 1729 1749
1679 1731 1748
1732 1698 1745
1736 1696 1743
1735 1701 1750
1733 1703 1751
1708 1721 1753
1734 1705 1754
1727 1706 1755
1715 1712 1756
1729 1707 1757
1712 1719 1758
1704 1714 1743
1737 1702 1752
1709 1759 1746
1731 1711 1760
1705 1738 1754
1706 1739 1755
1726 1715 1761
1714 1710 1762
1711 1733 1760
1740 1713 1763
1719 1725 1764
1707 1741 1757
1713 1742 1763
1724 1722 1765
1716 1740 1766
1738 1718 1767
1717 1737 1768
1710 1744 1762
1739 1720 1769
1725 1730 1770
1721 1735 1771
1728 1726 1772
1744 1697 1746
1722 1732 1773
1745 1708 1753
1741 1724 1765
1718 1747 1767
1723 1748 1774
1720 1749 1769
1751 1716 1766
1752 1723 1774
1730 1736 1775
1750 1717 1768
1742 1728 1776
1747 1727 1777
1749 1729 1778
1743 1714 1779
1756 1712 1758
1748 1731 1780
1736 1781 1775
1715 1756 1761
1732 1745 1782
1733 1751 1783
1758 1719 1764
1753 1721 1771
1734 1754 1784
1727 1755 1777
1735 1750 1785
1737 1752 1786
1729 1757 1778
1731 1760 1780
1764 1725 1770
1765 1722 1773
1726 1761 1772
1754 1738 1787
1755 1739 1788
1760 1733 1783
1740 1763 1789
1714 1762 1779
1757 1741 1790
1763 1742 1776
1766 1740 1789
1770 1730 1775
1728 1772 1776
1738 1767 1787
1739 1769 1788
1771 1735 1785
1768 1737 1786
1773 1732 1782
1762 1744 1791
1745 1753 1792
1741 1765 1790
1744 1746 1791
1746 1759 1793
1767 1747 1794
1751 1766 1795
1774 1748 1796
1769 1749 1797
1752 1774 1786
1736 1743 1781
1750 1768 1798
1756 1758 1799
1743 1779 1781
1747 1777 1794
1749 1778 1797
1761 1756 1800
1748 1780 1796
1758 1764 1801
1783 1751 1795
1782 1745 1792
1753 1771 1802
1784 1754 1803
1785 1750 1798
1777 1755 1804
1778 1757 1805
1763 1776 1806
1764 1770 1807
1772 1761 1808
1765 1773 1809
1759 1810 1793
1780 1760 1811
1760 1783 1812
1754 1787 1803
1755 1788 1804
1789 1763 1806
1757 1790 1805
1779 1762 1813
1770 1775 1814
1776 1772 1815
1786 1774 1816
1766 1789 1817
1768 1786 1818
1787 1767 1819
1771 1785 1820
1788 1769 1821
1773 1782 1822
1792 1753 1802
1790 1765 1823
1762 1791 1813
1791 1746 1793
1795 1766 1817
1767 1794 1819
1774 1796 1816
1769 1797 1821
1756 1799 1800
1799 1758 1801
1798 1768 1818
1761 1800 1808
1775 1781 1824
1801 1764 1807
1794 1777 1825
1797 1778 1826
1811 1760 1812
1783 1795 1827
1796 1780 1828
1802 1771 1820
1781 1779 1829
1782 1792 1830
1765 1809 1823
1807 1770 1814
1784 1803 1831
1772 1808 1815
1777 1804 1825
1778 1805 1826
1809 1773 1822
1785 1798 1832
1806 1776 1815
1780 1811 1828
1814 1775 1824
1803 1787 1833
1804 1788 1834
1812 1783 1827
1805 1790 1835
1789 1806 1836
1779 1813 1829
1786 1816 1837
1818 1786 1837
1817 1789 1836
1820 1785 1832
1822 1782 1830
1792 1802 1838
1787 1819 1833
1788 1821 1834
1813 1791 1839
1791 1793 1839
1790 1823 1835
1793 1810 1840
1800 1799 1841
1795 1817 1842
1799 1801 1843
1819 1794 1844
1821 1797 1845
1816 1796 1846
1808 1800 1847
1801 1807 1848
1798 1818 1849
1781 1829 1850
1824 1781 1850
1794 1825 1844
1797 1826 1845
1827 1795 1842
1802 1820 1851
1811 1812 1852
1796 1828 1846
1830 1792 1838
1806 1815 1853
1807 1814 1854
1815 1808 1855
1823 1809 1856
1809 1822 1856
1831 1803 1857
1825 1804 1858
1826 1805 1859
1832 1798 1849
1829 1813 1860
1810 1861 1840
1828 1811 1852
1812 1827 1862
1803 1833 1857
1814 1824 1854
1804 1834 1858
1805 1835 1859
1836 1806 1863
1838 1802 1851
1837 1816 1864
1822 1830 1865
1818 1837 1866
1820 1832 1867
1833 1819 1868
1841 1799 1843
1817 1836 1869
1834 1821 1870
1800 1841 1847
1843 1801 1848
1813 1839 1860
1839 1793 1840
1835 1823 1871
1842 1817 1869
1819 1844 1868
1821 1845 1870
1848 1807 1854
1808 1847 1855
1816 1846 1864
1806 1853 1863
1849 1818 1866
1852 1812 1862
1827 1842 1872
1851 1820 1867
1844 1825 1873
1845 1826 1874
1853 1815 1855
1830 1838 1875
1850 1829 1876
1824 1850 1877
1846 1828 1878
1823 1856 1871
1856 1822 1865
1831 1857 1879
1825 1858 1873
1826 1859 1874
1854 1824 1877
1832 1849 1880
1828 1852 1878
1829 1860 1876
1862 1827 1872
1857 1833 1881
1858 1834 1882
1859 1835 1883
1841 1843 1884
1838 1851 1885
1866 1837 1886
1865 1830 1875
1836 1863 1887
1837 1864 1886
1847 1841 1888
1843 1848 1889
1867 1832 1880
1833 1868 1881
1834 1870 1882
1860 1839 1890
1869 1836 1887
1839 1840 1890
1835 1871 1883
1840 1861 1891
1848 1854 1892
1855 1847 1893
1842 1869 1894
1868 1844 1895
1870 1845 1896
1864 1846 1897
1853 1855 1898
1849 1866 1899
1863 1853 1900
1852 1862 1901
1872 1842 1894
1851 1867 1902
1844 1873 1895
1875 1838 1885
1845 1874 1896
1850 1876 1903
1856 1865 1904
1877 1850 1903
1846 1878 1897
1871 1856 1905
1879 1857 1906
1873 1858 1907
1874 1859 1908
1854 1877 1909
1880 1849 1899
1878 1852 1901
1862 1872 1901
1876 1860 1910
1861 1911 1891
1841 1884 1888
1884 1843 1889
1857 1881 1906
1858 1882 1907
1859 1883 1908
1885 1851 1902
1847 1888 1893
1889 1848 1892
1866 1886 1912
1865 1875 1913
1886 1864 1914
1887 1863 1900
1867 1880 1915
1881 1868 1916
1882 1870 1917
1892 1854 1909
1860 1890 1910
1869 1887 1918
1855 1893 1898
1853 1898 1900
1883 1871 1919
1890 1840 1891
1894 1869 1918
1899 1866 1912
1868 1895 1916
1870 1896 1917
1864 1897 1914
1905 1856 1904
1902 1867 1915
1875 1885 1920
1872 1894 1921
1895 1873 1922
1896 1874 1923
1904 1865 1913
1871 1905 1919
1903 1876 1924
1901 1872 1921
1897 1878 1925
1877 1903 1926
1878 1901 1927
1880 1899 1928
1879 1906 1929
1873 1907 1922
1874 1908 1923
1888 1884 1930
1884 1889 1931
1909 1877 1926
1876 1910 1924
1887 1900 1932
1889 1892 1933
1893 1888 1934
1906 1881 1935
1907 1882 1936
1908 1883 1937
1885 1902 1938
1886 1914 1939
1912 1886 1939
1913 1875 1920
1898 1893 1940
1915 1880 1928
1900 1898 1941
1881 1916 1935
1882 1917 1936
1910 1890 1942
1918 1887 1932
1883 1919 1937
1892 1909 1943
1891 1911 1944
1890 1891 1942
1925 1878 1927
1914 1897 1945
1899 1912 1946
1916 1895 1947
1894 1918 1948
1917 1896 1949
1905 1904 1950
1920 1885 1938
1902 1915 1951
1921 1894 1948
1929 1952 1953
1895 1922 1947
1904 1913 1954
1896 1923 1949
1919 1905 1950
1903 1924 1955
1901 1921 1956
1926 1903 1955
1897 1925 1945
1930 1884 1931
1888 1930 1934
1931 1889 1933
1928 1899 1946
1922 1907 1957
1923 1908 1958
1927 1901 1956
1909 1926 1959
1924 1910 1960
1933 1892 1943
1893 1934 1940
1932 1900 1941
1911 1961 1944
1938 1902 1951
1906 1935 1952
1939 1914 1962
1907 1936 1957
1898 1940 1941
1908 1937 1958
1913 1920 1963
1912 1964 1946
1910 1942 1960
1915 1928 1965
1942 1891 1944
1935 1916 1966
1936 1917 1967
1943 1909 1959
1918 1932 1968
1937 1919 1969
1950 1904 1954
1914 1945 1962
1929 1906 1952
1916 1947 1966
1925 1927 1970
1917 1949 1967
1948 1918 1968
1920 1938 1971
1919 1950 1969
1951 1915 1965
1954 1913 1963
1921 1948 1972
1947 1922 1973
1949 1923 1974
1930 1931 1975
1945 1925 1970
1931 1933 1976
1934 1930 1977
1955 1924 1978
1912 1939 1964
1926 1955 1979
1928 1946 1980
1956 1921 1972
1940 1934 1981
1932 1941 1982
1922 1957 1973
1923 1958 1974
1933 1943 1976
1924 1960 1978
1959 1926 1979
1927 1956 1983
1941 1940 1984
1938 1951 1985
1939 1962 1964
1935 1986 1952
1963 1920 1971
1957 1936 1987
1958 1937 1988
1960 1942 1989
1965 1928 1980
1942 1944 1989
1935 1966 1990
1936 1967 1987
1943 1959 1991
1950 1954 1992
1937 1969 1988
1962 1945 1993
1968 1932 1982
1970 1927 1983
1944 1961 1994
1953 1952 1995
1966 1947 1996
1967 1949 1997
1971 1938 1985
1948 1968 1998
1930 1975 1977
1975 1931 1976
1951 1965 1999
1969 1950 2000
1954 1963 2001
1945 1970 1993
1934 1977 1981
1972 1948 1998
1947 1973 2002
1949 1974 1997
1979 1955 2003
1976 1943 1991
1980 1946 2004
1955 1978 2003
1946 1964 2004
1940 1981 1984
1982 1941 1984
1956 1972 2005
1973 1957 2006
1974 1958 2007
1959 1979 2008
1978 1960 2009
1985 1951 1999
1983 1956 2005
1961 2010 1994
1963 1971 2011
1964 1962 2012
1957 1987 2006
1958 1988 2007
1950 1992 2000
1965 1980 2013
1995 1952 1986
1935 1990 1986
1960 1989 2009
1992 1954 2001
1991 1959 2008
1987 1967 2014
1968 1982 2015
1989 1944 1994
1962 1993 2012
1988 1969 2016
1996 1947 2002
1990 1966 1996
1970 1983 2017
1975 1976 2018
1977 1975 2019
1967 1997 2014
1971 1985 2020
1981 1977 2021
2001 1963 2011
1999 1965 2013
1998 1968 2022
1993 1970 2023
1969 2000 2016
1982 1984 2024
1984 1981 2025
1997 1974 2026
1972 1998 2027
1976 1991 2028
1980 2004 2029
2004 1964 2030
1979 2003 2031
2003 1978 2032
2005 1972 2027
1974 2007 2026
2008 1979 2031
1978 2009 2032
1985 1999 2033
2011 1971 2020
1968 2015 2022
1983 2005 2034
2002 1973 2006
2007 1988 2035
1964 2012 2030
2013 1980 2029
2000 1992 2036
2009 1989 2037
1970 2017 2023
1992 2001 2036
1991 2008 2038
2015 1982 2024
1989 1994 2037
1975 2018 2019
2018 1976 2028
1977 2019 2021
2012 1993 2039
2006 1987 2040
2017 1983 2034
1994 2010 2041
2020 1985 2033
1981 2021 2025
2040 1987 2014
2001 2011 2042
1999 2013 2043
2024 1984 2025
2016 2000 2044
1998 2022 2045
1993 2023 2039
2004 2030 2029
1997 2026 2046
2028 1991 2038
2027 1998 2045
2003 2032 2047
2031 2003 2047
2014 1997 2046
2005 2027 2048
2026 2007 2049
2008 2031 2050
2032 2009 2051
2011 2020 2052
2033 1999 2043
2030 2012 2053
2010 2054 2041
2022 2015 2055
2009 2037 2051
2034 2005 2048
2000 2036 2044
2036 2001 2042
2013 2029 2056
2038 2008 2050
2037 1994 2041
2023 2017 2057
2019 2018 2058
2015 2024 2059
2049 2007 2035
2021 2019 2060
2016 2035 1988
2018 2028 2061
2025 2021 2062
2029 2030 2063
2012 2039 2053
2017 2034 2057
2024 2025 2064
2020 2033 2065
2042 2011 2052
2043 2013 2056
2046 2026 2049
2045 2022 2055
2039 2023 2066
2028 2038 2067
2068 2016 2044
2027 2045 2069
2047 2032 2070
2031 2047 2071
2032 2051 2070
2050 2031 2071
2055 2015 2059
2048 2027 2069
2033 2043 2072
2016 2068 2035
2030 2053 2063
2051 2037 2073
2036 2042 2074
2058 2018 2061
2019 2058 2060
2056 2029 2063
2034 2048 2075
2023 2057 2066
2021 2060 2062
2038 2050 2067
2059 2024 2064
2037 2041 2073
2061 2028 2067
2025 2062 2064
2052 2020 2065
2044 2036 2074
2057 2034 2075
2053 2039 2076
2041 2054 2077
2045 2055 2078
2043 2056 2079
2074 2042 2080
2039 2066 2076
2065 2033 2072
2080 2042 2052
2071 2047 2081
2069 2045 2078
2047 2070 2081
2055 2059 2082
2050 2071 2083
2070 2051 2084
2067 2050 2083
2053 2085 2063
2048 2069 2086
2056 2063 2087
2060 2058 2088
2058 2089 2088
2054 2090 2077
2072 2043 2079
2062 2060 2091
2059 2064 2092
2051 2073 2084
2075 2048 2086
2066 2057 2093
2064 2062 2094
2061 2067 2089
2073 2041 2077
2053 2076 2095
2057 2075 2093
2079 2056 2087
2078 2055 2082
2076 2066 2096
2087 2063 2085
2069 2078 2097
2071 2081 2098
2082 2059 2092
2081 2070 2099
2083 2071 2098
2053 2095 2085
2070 2084 2099
2060 2088 2091
2067 2083 2100
2058 2061 2089
2062 2091 2094
2086 2069 2097
2092 2064 2094
2084 2073 2101
2066 2093 2096
2089 2067 2100
2075 2102 2103
2073 2077 2101
2078 2082 2104
2077 2090 2105
2095 2076 2106
2106 2076 2096
2093 2075 2103
2082 2092 2107
2091 2088 2108
2081 2099 2109
2098 2081 2109
2097 2078 2110
2088 2089 2111
2094 2091 2112
2092 2094 2113
2083 2098 2114
2099 2084 2115
2100 2083 2114
2086 2097 2116
2084 2101 2115
2090 2117 2105
2075 2086 2102
2089 2100 2118
2101 2077 2105
2102 2086 2116
2110 2078 2104
2108 2088 2111
2091 2108 2112
2104 2082 2107
2094 2112 2119
2111 2089 2118
2109 2099 2120
2098 2109 2121
2116 2097 2110
2099 2115 2120
2114 2098 2121
2107 2092 2113
2100 2114 2122
2115 2101 2123
2113 2094 2119
2118 2100 2122
2101 2105 2123
2105 2117 2124
2108 2111 2125
2112 2108 2126
2111 2118 2127
2121 2109 2128
2109 2120 2128
2114 2121 2129
2120 2115 2130
2122 2114 2129
2115 2123 2130
2119 2112 2126
2117 2131 2124
2126 2108 2125
2118 2122 2132
2123 2105 2124
2125 2111 2127
2127 2118 2132
2121 2128 2133
2128 2120 2134
2120 2130 2135
2132 2122 2129
2129 2121 2133
2130 2123 2136
2134 2120 2135
2123 2137 2136
2124 2131 2137
2133 2128 2134
2135 2130 2136
2123 2124 2137
