-9.080645e-01 -1.000000e+00 0.000000e+00
-9.540323e-01 -1.000000e+00 0.000000e+00
-9.470832e-01 -9.519317e-01 0.000000e+00
-1.000000e+00 -1.000000e+00 0.000000e+00
-1.000000e+00 -9.651840e-01 0.000000e+00
-1.000000e+00 -9.303680e-01 0.000000e+00
-1.000000e+00 -8.955519e-01 0.000000e+00
-9.645473e-01 -9.105498e-01 0.000000e+00
-1.000000e+00 -8.495805e-01 0.000000e+00
-9.603781e-01 -8.722824e-01 0.000000e+00
-1.000000e+00 -8.036079e-01 0.000000e+00
-9.602166e-01 -8.265480e-01 0.000000e+00
-1.000000e+00 -7.576341e-01 0.000000e+00
-9.601904e-01 -7.806115e-01 0.000000e+00
-1.000000e+00 -7.116592e-01 0.000000e+00
-9.601821e-01 -7.346448e-01 0.000000e+00
-1.000000e+00 -6.656832e-01 0.000000e+00
-9.601803e-01 -6.886708e-01 0.000000e+00
-8.895797e-01 -9.533447e-01 0.000000e+00
-1.000000e+00 -6.197060e-01 0.000000e+00
-9.601793e-01 -6.426945e-01 0.000000e+00
-1.000000e+00 -5.737277e-01 0.000000e+00
-9.601783e-01 -5.967168e-01 0.000000e+00
-1.000000e+00 -5.277482e-01 0.000000e+00
-9.601773e-01 -5.507379e-01 0.000000e+00
-9.182914e-01 -9.021141e-01 0.000000e+00
-1.000000e+00 -4.817676e-01 0.000000e+00
-9.601763e-01 -5.047579e-01 0.000000e+00
-9.206292e-01 -8.499405e-01 0.000000e+00
-8.620773e-01 -1.000000e+00 0.000000e+00
-1.000000e+00 -4.357858e-01 0.000000e+00
-9.601753e-01 -4.587767e-01 0.000000e+00
-9.204323e-01 -8.037177e-01 0.000000e+00
-1.000000e+00 -3.898029e-01 0.000000e+00
-9.601743e-01 -4.127944e-01 0.000000e+00
-9.203640e-01 -7.576546e-01 0.000000e+00
-1.000000e+00 -3.438189e-01 0.000000e+00
-9.601733e-01 -3.668110e-01 0.000000e+00
-9.203569e-01 -7.116606e-01 0.000000e+00
-1.000000e+00 -2.978337e-01 0.000000e+00
-9.601723e-01 -3.208266e-01 0.000000e+00
-9.203555e-01 -6.656835e-01 0.000000e+00
-1.000000e+00 -2.518474e-01 0.000000e+00
-9.601722e-01 -2.748415e-01 0.000000e+00
-9.203537e-01 -6.197065e-01 0.000000e+00
-1.000000e+00 -2.058599e-01 0.000000e+00
-9.601882e-01 -2.288459e-01 0.000000e+00
-9.203517e-01 -5.737282e-01 0.000000e+00
-1.000000e+00 -1.598713e-01 0.000000e+00
-9.603540e-01 -1.827870e-01 0.000000e+00
-8.845407e-01 -8.690520e-01 0.000000e+00
-9.203497e-01 -5.277488e-01 0.000000e+00
-1.000000e+00 -1.138815e-01 0.000000e+00
-9.614013e-01 -1.369254e-01 0.000000e+00
-8.808646e-01 -8.275557e-01 0.000000e+00
-9.203478e-01 -4.817682e-01 0.000000e+00
-1.000000e+00 -6.789065e-02 0.000000e+00
-9.661548e-01 -9.780092e-02 0.000000e+00
-8.804953e-01 -7.808573e-01 0.000000e+00
-8.645389e-01 -9.084478e-01 0.000000e+00
-9.203458e-01 -4.357864e-01 0.000000e+00
-1.000000e+00 -2.189861e-02 0.000000e+00
-9.660888e-01 -2.189861e-02 0.000000e+00
-9.486486e-01 -6.332165e-02 0.000000e+00
-8.805120e-01 -7.346662e-01 0.000000e+00
-9.203438e-01 -3.898036e-01 0.000000e+00
-8.805238e-01 -6.886715e-01 0.000000e+00
-9.203417e-01 -3.438201e-01 0.000000e+00
-9.080137e-01 2.189858e-02 0.000000e+00
-9.540069e-01 2.189858e-02 0.000000e+00
-9.470557e-01 6.979878e-02 0.000000e+00
-1.000000e+00 2.189858e-02 0.000000e+00
-1.000000e+00 5.655379e-02 0.000000e+00
-8.805236e-01 -6.426962e-01 0.000000e+00
-9.203393e-01 -2.978386e-01 0.000000e+00
-9.321777e-01 -2.189861e-02 0.000000e+00
-1.000000e+00 9.120900e-02 0.000000e+00
-1.000000e+00 1.258642e-01 0.000000e+00
-9.645292e-01 1.110125e-01 0.000000e+00
-8.805210e-01 -5.967190e-01 0.000000e+00
-9.203396e-01 -2.518648e-01 0.000000e+00
-8.401709e-01 -9.555251e-01 0.000000e+00
-1.000000e+00 1.718611e-01 0.000000e+00
-9.603578e-01 1.492111e-01 0.000000e+00
-8.805180e-01 -5.507402e-01 0.000000e+00
-9.203954e-01 -2.058494e-01 0.000000e+00
-1.000000e+00 2.178591e-01 0.000000e+00
-9.601954e-01 1.949247e-01 0.000000e+00
-8.388822e-01 -8.593378e-01 0.000000e+00
-8.805151e-01 -5.047602e-01 0.000000e+00
-9.208674e-01 -1.592423e-01 0.000000e+00
-1.000000e+00 2.638582e-01 0.000000e+00
-9.601687e-01 2.408720e-01 0.000000e+00
-8.399618e-01 -8.048292e-01 0.000000e+00
-8.805121e-01 -4.587790e-01 0.000000e+00
-9.231248e-01 -1.081765e-01 0.000000e+00
-1.000000e+00 3.098585e-01 0.000000e+00
-9.601603e-01 2.868608e-01 0.000000e+00
-8.405282e-01 -7.576613e-01 0.000000e+00
-8.805091e-01 -4.127967e-01 0.000000e+00
-9.064379e-01 -6.333444e-02 0.000000e+00
-1.000000e+00 3.558599e-01 0.000000e+00
-9.601584e-01 3.328597e-01 0.000000e+00
-8.160803e-01 -1.000000e+00 0.000000e+00
-8.406656e-01 -7.116339e-01 0.000000e+00
-8.805061e-01 -3.668138e-01 0.000000e+00
-8.157022e-01 -9.115951e-01 0.000000e+00
-8.982665e-01 -2.189861e-02 0.000000e+00
-8.895246e-01 6.844625e-02 0.000000e+00
-1.000000e+00 4.018625e-01 0.000000e+00
-9.601574e-01 3.788613e-01 0.000000e+00
-8.406851e-01 -6.656804e-01 0.000000e+00
-8.805026e-01 -3.208340e-01 0.000000e+00
-1.000000e+00 4.478662e-01 0.000000e+00
-9.601564e-01 4.248644e-01 0.000000e+00
-8.406840e-01 -6.197096e-01 0.000000e+00
-8.804977e-01 -2.748774e-01 0.000000e+00
-1.000000e+00 4.938711e-01 0.000000e+00
-9.601554e-01 4.708686e-01 0.000000e+00
-8.406803e-01 -5.737322e-01 0.000000e+00
-8.805046e-01 -2.290054e-01 0.000000e+00
-9.182517e-01 1.195037e-01 0.000000e+00
-1.000000e+00 5.398771e-01 0.000000e+00
-9.601544e-01 5.168741e-01 0.000000e+00
-7.930265e-01 -9.574535e-01 0.000000e+00
-8.406763e-01 -5.277528e-01 0.000000e+00
-8.806608e-01 -1.832898e-01 0.000000e+00
-9.205887e-01 1.715707e-01 0.000000e+00
-1.000000e+00 5.858842e-01 0.000000e+00
-9.601534e-01 5.628806e-01 0.000000e+00
-8.620011e-01 2.189858e-02 0.000000e+00
-7.972207e-01 -8.254860e-01 0.000000e+00
-8.406724e-01 -4.817722e-01 0.000000e+00
-8.814369e-01 -1.379379e-01 0.000000e+00
-9.203898e-01 2.177686e-01 0.000000e+00
-1.000000e+00 6.318925e-01 0.000000e+00
-9.601524e-01 6.088884e-01 0.000000e+00
-7.865594e-01 -8.716374e-01 0.000000e+00
-8.001599e-01 -7.797565e-01 0.000000e+00
-8.406684e-01 -4.357904e-01 0.000000e+00
-9.203205e-01 2.638416e-01 0.000000e+00
-8.583354e-01 -6.664732e-02 0.000000e+00
-1.000000e+00 6.779019e-01 0.000000e+00
-9.601514e-01 6.548972e-01 0.000000e+00
-8.007428e-01 -7.343654e-01 0.000000e+00
-8.406644e-01 -3.898079e-01 0.000000e+00
-9.203131e-01 3.098577e-01 0.000000e+00
-1.000000e+00 7.239125e-01 0.000000e+00
-9.601504e-01 7.009068e-01 0.000000e+00
-8.817742e-01 -9.860426e-02 0.000000e+00
-8.008319e-01 -6.886184e-01 0.000000e+00
-8.406601e-01 -3.438277e-01 0.000000e+00
-7.700735e-01 -1.000000e+00 0.000000e+00
-9.203117e-01 3.558597e-01 0.000000e+00
-1.000000e+00 7.699242e-01 0.000000e+00
-9.601498e-01 7.469168e-01 0.000000e+00
-8.008396e-01 -6.426937e-01 0.000000e+00
-7.680352e-01 -9.165345e-01 0.000000e+00
-8.406552e-01 -2.978686e-01 0.000000e+00
-9.203099e-01 4.018620e-01 0.000000e+00
-1.000000e+00 8.159371e-01 0.000000e+00
-9.601620e-01 7.929346e-01 0.000000e+00
-8.008361e-01 -5.967239e-01 0.000000e+00
-8.406582e-01 -2.520043e-01 0.000000e+00
-9.203079e-01 4.478656e-01 0.000000e+00
-1.000000e+00 8.619511e-01 0.000000e+00
-9.603066e-01 8.390084e-01 0.000000e+00
-8.522431e-01 -2.189861e-02 0.000000e+00
-8.008313e-01 -5.507459e-01 0.000000e+00
-8.407756e-01 -2.063866e-01 0.000000e+00
-8.844859e-01 1.525265e-01 0.000000e+00
-9.203060e-01 4.938705e-01 0.000000e+00
-1.000000e+00 9.079663e-01 0.000000e+00
-9.612799e-01 8.848777e-01 0.000000e+00
-8.008263e-01 -5.047659e-01 0.000000e+00
-8.416029e-01 -1.610877e-01 0.000000e+00
-8.808042e-01 1.939631e-01 0.000000e+00
-9.203040e-01 5.398765e-01 0.000000e+00
-7.465644e-01 -9.591009e-01 0.000000e+00
-1.000000e+00 9.539826e-01 0.000000e+00
-9.659260e-01 9.240210e-01 0.000000e+00
-7.541559e-01 -8.388519e-01 0.000000e+00
-7.602282e-01 -7.989253e-01 0.000000e+00
-8.008214e-01 -4.587847e-01 0.000000e+00
-8.804313e-01 2.406397e-01 0.000000e+00
-9.203020e-01 5.858836e-01 0.000000e+00
-8.644779e-01 1.132611e-01 0.000000e+00
-8.451426e-01 -1.159600e-01 0.000000e+00
-1.000000e+00 1.000000e+00 0.000000e+00
-9.653525e-01 1.000000e+00 0.000000e+00
-7.609054e-01 -7.562974e-01 0.000000e+00
-8.008164e-01 -4.128027e-01 0.000000e+00
-9.479794e-01 9.585088e-01 0.000000e+00
-8.804466e-01 2.868420e-01 0.000000e+00
-9.203000e-01 6.318919e-01 0.000000e+00
-7.403336e-01 -8.788269e-01 0.000000e+00
-7.609767e-01 -7.113619e-01 0.000000e+00
-8.008113e-01 -3.668218e-01 0.000000e+00
-8.195832e-01 -5.269192e-02 0.000000e+00
-8.804581e-01 3.328594e-01 0.000000e+00
-9.202979e-01 6.779007e-01 0.000000e+00
-7.609872e-01 -6.656405e-01 0.000000e+00
-8.008060e-01 -3.208553e-01 0.000000e+00
-8.804579e-01 3.788596e-01 0.000000e+00
-8.062099e-01 -2.189861e-02 0.000000e+00
-9.202951e-01 7.239069e-01 0.000000e+00
-7.609852e-01 -6.197108e-01 0.000000e+00
-7.240570e-01 -1.000000e+00 0.000000e+00
-8.008060e-01 -2.749582e-01 0.000000e+00
-8.804552e-01 4.248621e-01 0.000000e+00
-9.307051e-01 1.000000e+00 0.000000e+00
-9.202925e-01 7.699017e-01 0.000000e+00
-7.217623e-01 -9.196363e-01 0.000000e+00
-8.400935e-01 6.631485e-02 0.000000e+00
-7.609799e-01 -5.737390e-01 0.000000e+00
-8.008787e-01 -2.292448e-01 0.000000e+00
-8.804523e-01 4.708664e-01 0.000000e+00
-9.203289e-01 8.159250e-01 0.000000e+00
-7.609740e-01 -5.277602e-01 0.000000e+00
-8.014167e-01 -1.836906e-01 0.000000e+00
-8.388090e-01 1.622852e-01 0.000000e+00
-8.804493e-01 5.168718e-01 0.000000e+00
-9.207114e-01 8.625160e-01 0.000000e+00
-8.102976e-01 -9.129388e-02 0.000000e+00
-7.609680e-01 -4.817796e-01 0.000000e+00
-8.037479e-01 -1.377636e-01 0.000000e+00
-7.260601e-01 -8.130131e-01 0.000000e+00
-8.398800e-01 2.166966e-01 0.000000e+00
-8.804463e-01 5.628784e-01 0.000000e+00
-9.226777e-01 9.135684e-01 0.000000e+00
-7.219800e-01 -7.773650e-01 0.000000e+00
-7.609621e-01 -4.357980e-01 0.000000e+00
-7.112955e-01 -8.439503e-01 0.000000e+00
-7.004554e-01 -9.600210e-01 0.000000e+00
-8.404420e-01 2.638448e-01 0.000000e+00
-8.804434e-01 6.088860e-01 0.000000e+00
-9.052950e-01 9.584493e-01 0.000000e+00
-7.212069e-01 -7.337010e-01 0.000000e+00
-7.609561e-01 -3.898167e-01 0.000000e+00
-8.159787e-01 2.189858e-02 0.000000e+00
-8.405782e-01 3.098861e-01 0.000000e+00
-8.804403e-01 6.548943e-01 0.000000e+00
-8.156232e-01 1.101915e-01 0.000000e+00
-7.211269e-01 -6.884560e-01 0.000000e+00
-8.960576e-01 1.000000e+00 0.000000e+00
-7.609499e-01 -3.438442e-01 0.000000e+00
-6.950789e-01 -8.821741e-01 0.000000e+00
-8.405974e-01 3.558630e-01 0.000000e+00
-8.804366e-01 7.008989e-01 0.000000e+00
-7.739711e-01 -6.253673e-02 0.000000e+00
-7.211256e-01 -6.426705e-01 0.000000e+00
-7.609466e-01 -2.979160e-01 0.000000e+00
-8.405962e-01 4.018589e-01 0.000000e+00
-8.804300e-01 7.468766e-01 0.000000e+00
-7.211217e-01 -5.967287e-01 0.000000e+00
-7.609811e-01 -2.521029e-01 0.000000e+00
-8.405925e-01 4.478617e-01 0.000000e+00
-8.804249e-01 7.927544e-01 0.000000e+00
-6.780307e-01 -1.000000e+00 0.000000e+00
-7.211153e-01 -5.507546e-01 0.000000e+00
-7.612631e-01 -2.063356e-01 0.000000e+00
-6.759464e-01 -9.210949e-01 0.000000e+00
-8.405886e-01 4.938665e-01 0.000000e+00
-7.929267e-01 6.442489e-02 0.000000e+00
-8.805199e-01 8.384400e-01 0.000000e+00
-7.211084e-01 -5.047750e-01 0.000000e+00
-7.625230e-01 -1.600064e-01 0.000000e+00
-7.971253e-01 1.961051e-01 0.000000e+00
-7.662154e-01 -1.124208e-01 0.000000e+00
-8.405846e-01 5.398725e-01 0.000000e+00
-8.810906e-01 8.837380e-01 0.000000e+00
-7.211014e-01 -4.587940e-01 0.000000e+00
-7.601670e-01 -2.189861e-02 0.000000e+00
-6.830677e-01 -8.038032e-01 0.000000e+00
-7.864713e-01 1.500940e-01 0.000000e+00
-8.000554e-01 2.417653e-01 0.000000e+00
-8.405806e-01 5.858796e-01 0.000000e+00
-6.813023e-01 -7.558397e-01 0.000000e+00
-7.210945e-01 -4.128126e-01 0.000000e+00
-8.569388e-01 9.552449e-01 0.000000e+00
-6.665832e-01 -8.462458e-01 0.000000e+00
-8.006343e-01 2.871489e-01 0.000000e+00
-8.405766e-01 6.318875e-01 0.000000e+00
-6.811953e-01 -7.109276e-01 0.000000e+00
-6.544809e-01 -9.604075e-01 0.000000e+00
-7.210874e-01 -3.668361e-01 0.000000e+00
-8.810258e-01 9.230727e-01 0.000000e+00
-8.007224e-01 3.329135e-01 0.000000e+00
-8.405723e-01 6.778926e-01 0.000000e+00
-7.699465e-01 2.189858e-02 0.000000e+00
-6.812423e-01 -6.655197e-01 0.000000e+00
-7.210816e-01 -3.208863e-01 0.000000e+00
-8.007299e-01 3.788623e-01 0.000000e+00
-7.679374e-01 1.053244e-01 0.000000e+00
-8.405664e-01 7.238735e-01 0.000000e+00
-7.319946e-01 -5.098591e-02 0.000000e+00
-6.499464e-01 -8.839073e-01 0.000000e+00
-6.812542e-01 -6.196973e-01 0.000000e+00
-7.210942e-01 -2.750044e-01 0.000000e+00
-8.007264e-01 4.248573e-01 0.000000e+00
-8.405622e-01 7.697452e-01 0.000000e+00
-6.812498e-01 -5.737467e-01 0.000000e+00
-7.212268e-01 -2.291186e-01 0.000000e+00
-8.007215e-01 4.708607e-01 0.000000e+00
-8.406398e-01 8.153326e-01 0.000000e+00
-8.500084e-01 1.000000e+00 0.000000e+00
-7.141143e-01 -2.189861e-02 0.000000e+00
-6.812423e-01 -5.277708e-01 0.000000e+00
-7.218278e-01 -1.827233e-01 0.000000e+00
-6.319947e-01 -1.000000e+00 0.000000e+00
-8.007166e-01 5.168661e-01 0.000000e+00
-8.413141e-01 8.605779e-01 0.000000e+00
-7.235757e-01 -1.353185e-01 0.000000e+00
-7.271811e-01 -8.845873e-02 0.000000e+00
-6.812344e-01 -4.817905e-01 0.000000e+00
-6.302815e-01 -9.216583e-01 0.000000e+00
-7.464404e-01 6.280463e-02 0.000000e+00
-7.540506e-01 1.828278e-01 0.000000e+00
-7.601100e-01 2.226401e-01 0.000000e+00
-8.007116e-01 5.628726e-01 0.000000e+00
-6.812265e-01 -4.358093e-01 0.000000e+00
-6.396853e-01 -7.751371e-01 0.000000e+00
-6.347161e-01 -8.147140e-01 0.000000e+00
-8.444618e-01 9.057576e-01 0.000000e+00
-7.607781e-01 2.652246e-01 0.000000e+00
-8.007067e-01 6.088800e-01 0.000000e+00
-6.408572e-01 -7.323161e-01 0.000000e+00
-6.812185e-01 -3.898306e-01 0.000000e+00
-7.402318e-01 1.429976e-01 0.000000e+00
-7.608459e-01 3.101620e-01 0.000000e+00
-8.007015e-01 6.548860e-01 0.000000e+00
-6.226644e-01 -8.499498e-01 0.000000e+00
-6.412609e-01 -6.879863e-01 0.000000e+00
-6.812111e-01 -3.438673e-01 0.000000e+00
-8.178591e-01 9.695927e-01 0.000000e+00
-7.608556e-01 3.559035e-01 0.000000e+00
-8.006957e-01 7.008752e-01 0.000000e+00
-6.085464e-01 -9.605134e-01 0.000000e+00
-6.413638e-01 -6.425721e-01 0.000000e+00
-6.812128e-01 -2.979425e-01 0.000000e+00
-8.039493e-01 1.000000e+00 0.000000e+00
-7.608534e-01 4.018578e-01 0.000000e+00
-7.239045e-01 2.189858e-02 0.000000e+00
-8.006916e-01 7.467825e-01 0.000000e+00
-6.413759e-01 -5.967233e-01 0.000000e+00
-6.812748e-01 -2.519958e-01 0.000000e+00
-7.216425e-01 1.022744e-01 0.000000e+00
-6.870239e-01 -6.148557e-02 0.000000e+00
-7.608481e-01 4.478549e-01 0.000000e+00
-6.050684e-01 -8.846252e-01 0.000000e+00
-8.007398e-01 7.924679e-01 0.000000e+00
-6.413697e-01 -5.507651e-01 0.000000e+00
-6.815637e-01 -2.056341e-01 0.000000e+00
-7.608422e-01 4.938591e-01 0.000000e+00
-8.011749e-01 8.379594e-01 0.000000e+00
-6.823593e-01 -1.583466e-01 0.000000e+00
-6.413611e-01 -5.047875e-01 0.000000e+00
-8.091901e-01 9.308550e-01 0.000000e+00
-6.680518e-01 -2.189861e-02 0.000000e+00
-7.608363e-01 5.398650e-01 0.000000e+00
-8.032085e-01 8.839745e-01 0.000000e+00
-6.839274e-01 -1.106075e-01 0.000000e+00
-7.259349e-01 2.086199e-01 0.000000e+00
-5.859488e-01 -1.000000e+00 0.000000e+00
-6.413522e-01 -4.588068e-01 0.000000e+00
-7.218394e-01 2.441952e-01 0.000000e+00
-7.608303e-01 5.858720e-01 0.000000e+00
-7.111794e-01 1.778158e-01 0.000000e+00
-5.977762e-01 -7.913008e-01 0.000000e+00
-5.846576e-01 -9.217121e-01 0.000000e+00
-7.003054e-01 6.190019e-02 0.000000e+00
-5.998643e-01 -7.518395e-01 0.000000e+00
-6.413432e-01 -4.128269e-01 0.000000e+00
-5.980479e-01 -8.232583e-01 0.000000e+00
-7.210569e-01 2.878263e-01 0.000000e+00
-7.608243e-01 6.318785e-01 0.000000e+00
-6.010269e-01 -7.095356e-01 0.000000e+00
-6.413345e-01 -3.668557e-01 0.000000e+00
-7.209739e-01 3.330787e-01 0.000000e+00
-7.608179e-01 6.778745e-01 0.000000e+00
-6.949595e-01 1.397225e-01 0.000000e+00
-6.014084e-01 -6.651404e-01 0.000000e+00
-6.413306e-01 -3.209058e-01 0.000000e+00
-5.797300e-01 -8.499424e-01 0.000000e+00
-7.209720e-01 3.788858e-01 0.000000e+00
-7.608122e-01 7.238161e-01 0.000000e+00
-7.724376e-01 9.599777e-01 0.000000e+00
-6.014856e-01 -6.196306e-01 0.000000e+00
-6.413592e-01 -2.749305e-01 0.000000e+00
-5.626079e-01 -9.604849e-01 0.000000e+00
-7.209679e-01 4.248525e-01 0.000000e+00
-7.608327e-01 7.696047e-01 0.000000e+00
-7.578805e-01 1.000000e+00 0.000000e+00
-6.014895e-01 -5.737488e-01 0.000000e+00
-6.415111e-01 -2.286405e-01 0.000000e+00
-6.778528e-01 2.189858e-02 0.000000e+00
-7.209615e-01 4.708520e-01 0.000000e+00
-7.610528e-01 8.152796e-01 0.000000e+00
-6.437057e-01 -5.124845e-02 0.000000e+00
-6.014813e-01 -5.277837e-01 0.000000e+00
-6.419156e-01 -1.816234e-01 0.000000e+00
-6.758010e-01 1.008473e-01 0.000000e+00
-5.601700e-01 -8.843103e-01 0.000000e+00
-7.209546e-01 5.168569e-01 0.000000e+00
-7.621203e-01 8.615793e-01 0.000000e+00
-6.425359e-01 -1.343520e-01 0.000000e+00
-6.014715e-01 -4.818049e-01 0.000000e+00
-7.653903e-01 9.095754e-01 0.000000e+00
-7.209477e-01 5.628634e-01 0.000000e+00
-6.829250e-01 2.178684e-01 0.000000e+00
-6.430163e-01 -8.833891e-02 0.000000e+00
-6.014616e-01 -4.358247e-01 0.000000e+00
-6.219795e-01 -2.189861e-02 0.000000e+00
-5.582323e-01 -7.702414e-01 0.000000e+00
-6.811381e-01 2.657203e-01 0.000000e+00
-5.565099e-01 -8.125768e-01 0.000000e+00
-7.209407e-01 6.088700e-01 0.000000e+00
-5.398932e-01 -1.000000e+00 0.000000e+00
-5.603514e-01 -7.296210e-01 0.000000e+00
-6.664539e-01 1.756037e-01 0.000000e+00
-6.014518e-01 -3.898489e-01 0.000000e+00
-6.810224e-01 3.106059e-01 0.000000e+00
-5.389817e-01 -9.214869e-01 0.000000e+00
-6.543036e-01 6.152078e-02 0.000000e+00
-7.209335e-01 6.548706e-01 0.000000e+00
-5.613083e-01 -6.869675e-01 0.000000e+00
-6.014445e-01 -3.438849e-01 0.000000e+00
-6.810670e-01 3.560260e-01 0.000000e+00
-7.209264e-01 7.008371e-01 0.000000e+00
-5.615588e-01 -6.423085e-01 0.000000e+00
-6.014555e-01 -2.978981e-01 0.000000e+00
-6.498048e-01 1.380409e-01 0.000000e+00
-6.810785e-01 4.018714e-01 0.000000e+00
-7.209310e-01 7.467028e-01 0.000000e+00
-5.358327e-01 -8.487803e-01 0.000000e+00
-5.615980e-01 -5.966846e-01 0.000000e+00
-7.303896e-01 9.712539e-01 0.000000e+00
-6.015403e-01 -2.516770e-01 0.000000e+00
-6.810741e-01 4.478472e-01 0.000000e+00
-7.210283e-01 7.924845e-01 0.000000e+00
-5.166426e-01 -9.604036e-01 0.000000e+00
-5.615945e-01 -5.507732e-01 0.000000e+00
-6.017921e-01 -2.048699e-01 0.000000e+00
-6.810665e-01 4.938485e-01 0.000000e+00
-7.118019e-01 1.000000e+00 0.000000e+00
-7.215178e-01 8.386940e-01 0.000000e+00
-6.317913e-01 2.189858e-02 0.000000e+00
-6.022419e-01 -1.577411e-01 0.000000e+00
-5.615844e-01 -5.048028e-01 0.000000e+00
-6.002505e-01 -6.403007e-02 0.000000e+00
-7.230138e-01 8.861208e-01 0.000000e+00
-6.810586e-01 5.398541e-01 0.000000e+00
-6.301077e-01 1.002999e-01 0.000000e+00
-7.261695e-01 9.334847e-01 0.000000e+00
-5.150062e-01 -8.835446e-01 0.000000e+00
-6.027341e-01 -1.117100e-01 0.000000e+00
-5.615736e-01 -4.588234e-01 0.000000e+00
-6.810507e-01 5.858606e-01 0.000000e+00
-6.395124e-01 2.464947e-01 0.000000e+00
-6.345660e-01 2.070721e-01 0.000000e+00
-5.615627e-01 -4.128454e-01 0.000000e+00
-5.191559e-01 -7.476454e-01 0.000000e+00
-5.155659e-01 -7.865073e-01 0.000000e+00
-6.406675e-01 2.892356e-01 0.000000e+00
-6.810426e-01 6.318639e-01 0.000000e+00
-5.758975e-01 -2.189861e-02 0.000000e+00
-5.210666e-01 -7.073788e-01 0.000000e+00
-5.615532e-01 -3.668735e-01 0.000000e+00
-4.938278e-01 -1.000000e+00 0.000000e+00
-6.225198e-01 1.719776e-01 0.000000e+00
-6.410649e-01 3.335539e-01 0.000000e+00
-6.810344e-01 6.778467e-01 0.000000e+00
-5.133262e-01 -8.195888e-01 0.000000e+00
-5.215835e-01 -6.644021e-01 0.000000e+00
-5.615540e-01 -3.208841e-01 0.000000e+00
-4.932029e-01 -9.211681e-01 0.000000e+00
-6.083413e-01 6.141693e-02 0.000000e+00
-6.411663e-01 3.789851e-01 0.000000e+00
-6.810316e-01 7.237659e-01 0.000000e+00
-5.216889e-01 -6.194576e-01 0.000000e+00
-5.615992e-01 -2.747263e-01 0.000000e+00
-6.411781e-01 4.248581e-01 0.000000e+00
-6.810725e-01 7.696260e-01 0.000000e+00
-5.216992e-01 -5.737311e-01 0.000000e+00
-5.617555e-01 -2.281085e-01 0.000000e+00
-6.049002e-01 1.373541e-01 0.000000e+00
-4.913954e-01 -8.468118e-01 0.000000e+00
-6.856480e-01 9.600598e-01 0.000000e+00
-6.411719e-01 4.708415e-01 0.000000e+00
-6.812940e-01 8.157555e-01 0.000000e+00
-5.216907e-01 -5.277966e-01 0.000000e+00
-5.620922e-01 -1.810578e-01 0.000000e+00
-6.819355e-01 8.627665e-01 0.000000e+00
-6.411633e-01 5.168445e-01 0.000000e+00
-4.706422e-01 -9.603153e-01 0.000000e+00
-5.629877e-01 -1.345210e-01 0.000000e+00
-5.216792e-01 -4.818225e-01 0.000000e+00
-6.657135e-01 1.000000e+00 0.000000e+00
-6.832060e-01 9.105294e-01 0.000000e+00
-5.857200e-01 2.189858e-02 0.000000e+00
-6.411544e-01 5.628505e-01 0.000000e+00
-5.496796e-01 -6.155210e-02 0.000000e+00
-5.216674e-01 -4.358438e-01 0.000000e+00
-5.975996e-01 2.304408e-01 0.000000e+00
-5.844540e-01 1.002517e-01 0.000000e+00
-4.694873e-01 -8.826068e-01 0.000000e+00
-5.996635e-01 2.697644e-01 0.000000e+00
-6.411453e-01 6.088552e-01 0.000000e+00
-5.672244e-01 -9.504953e-02 0.000000e+00
-4.777836e-01 -7.629586e-01 0.000000e+00
-5.978911e-01 1.986238e-01 0.000000e+00
-5.216562e-01 -3.898678e-01 0.000000e+00
-4.815293e-01 -7.255598e-01 0.000000e+00
-4.705089e-01 -8.053899e-01 0.000000e+00
-6.008127e-01 3.120126e-01 0.000000e+00
-6.411362e-01 6.548480e-01 0.000000e+00
-4.817476e-01 -6.854333e-01 0.000000e+00
-5.216508e-01 -3.438792e-01 0.000000e+00
-6.011898e-01 3.564084e-01 0.000000e+00
-5.298056e-01 -2.189861e-02 0.000000e+00
-6.411296e-01 7.008016e-01 0.000000e+00
-5.795629e-01 1.720288e-01 0.000000e+00
-4.477527e-01 -1.000000e+00 0.000000e+00
-4.817783e-01 -6.418262e-01 0.000000e+00
-5.216717e-01 -2.977745e-01 0.000000e+00
-6.012660e-01 4.019386e-01 0.000000e+00
-6.411453e-01 7.467169e-01 0.000000e+00
-4.473107e-01 -9.208731e-01 0.000000e+00
-5.623753e-01 6.144473e-02 0.000000e+00
-4.817935e-01 -5.965806e-01 0.000000e+00
-5.217606e-01 -2.513369e-01 0.000000e+00
-6.012697e-01 4.478451e-01 0.000000e+00
-6.412533e-01 7.928036e-01 0.000000e+00
-4.817895e-01 -5.507703e-01 0.000000e+00
-5.219323e-01 -2.045480e-01 0.000000e+00
-6.012614e-01 4.938355e-01 0.000000e+00
-6.421189e-01 9.700501e-01 0.000000e+00
-6.415517e-01 8.394674e-01 0.000000e+00
-5.599716e-01 1.376820e-01 0.000000e+00
-4.454892e-01 -8.443153e-01 0.000000e+00
-4.817784e-01 -5.048194e-01 0.000000e+00
-5.221396e-01 -1.575451e-01 0.000000e+00
-6.419681e-01 8.864574e-01 0.000000e+00
-6.012517e-01 5.398397e-01 0.000000e+00
-4.817657e-01 -4.588434e-01 0.000000e+00
-5.227260e-01 -1.064946e-01 0.000000e+00
-4.246092e-01 -9.602418e-01 0.000000e+00
-6.420478e-01 9.325517e-01 0.000000e+00
-6.012417e-01 5.858450e-01 0.000000e+00
-6.196153e-01 1.000000e+00 0.000000e+00
-5.580261e-01 2.514612e-01 0.000000e+00
-5.563283e-01 2.093106e-01 0.000000e+00
-4.817532e-01 -4.128656e-01 0.000000e+00
-5.396390e-01 2.189858e-02 0.000000e+00
-5.028760e-01 -6.162602e-02 0.000000e+00
-4.475905e-01 -7.397587e-01 0.000000e+00
-5.601233e-01 2.919624e-01 0.000000e+00
-6.012317e-01 6.318436e-01 0.000000e+00
-4.428697e-01 -7.057377e-01 0.000000e+00
-5.387493e-01 1.004759e-01 0.000000e+00
-4.817439e-01 -3.668787e-01 0.000000e+00
-4.236283e-01 -8.819304e-01 0.000000e+00
-4.343028e-01 -7.703051e-01 0.000000e+00
-5.610701e-01 3.345818e-01 0.000000e+00
-6.012228e-01 6.778184e-01 0.000000e+00
-4.419613e-01 -6.635787e-01 0.000000e+00
-4.817502e-01 -3.208132e-01 0.000000e+00
-5.613176e-01 3.792504e-01 0.000000e+00
-6.012259e-01 7.237689e-01 0.000000e+00
-4.418783e-01 -6.191602e-01 0.000000e+00
-4.818000e-01 -2.745143e-01 0.000000e+00
-4.837040e-01 -2.189861e-02 0.000000e+00
-5.356371e-01 1.732141e-01 0.000000e+00
-4.187204e-01 -8.074093e-01 0.000000e+00
-5.613563e-01 4.248969e-01 0.000000e+00
-4.016678e-01 -1.000000e+00 0.000000e+00
-6.012817e-01 7.698334e-01 0.000000e+00
-4.418785e-01 -5.736724e-01 0.000000e+00
-4.819026e-01 -2.280262e-01 0.000000e+00
-4.013423e-01 -9.206620e-01 0.000000e+00
-5.163882e-01 6.152310e-02 0.000000e+00
-5.613526e-01 4.708333e-01 0.000000e+00
-6.014564e-01 8.163120e-01 0.000000e+00
-4.418704e-01 -5.278038e-01 0.000000e+00
-4.819534e-01 -1.821359e-01 0.000000e+00
-5.613426e-01 5.168292e-01 0.000000e+00
-6.017450e-01 8.630581e-01 0.000000e+00
-4.418576e-01 -4.818423e-01 0.000000e+00
-5.987659e-01 9.570362e-01 0.000000e+00
-4.813155e-01 -1.382933e-01 0.000000e+00
-5.147777e-01 1.384487e-01 0.000000e+00
-3.990973e-01 -8.439994e-01 0.000000e+00
-6.019239e-01 9.089436e-01 0.000000e+00
-5.613317e-01 5.628337e-01 0.000000e+00
-4.418440e-01 -4.358653e-01 0.000000e+00
-5.613207e-01 6.088356e-01 0.000000e+00
-5.189188e-01 2.740105e-01 0.000000e+00
-5.153525e-01 2.353167e-01 0.000000e+00
-3.785519e-01 -9.601870e-01 0.000000e+00
-4.418321e-01 -3.898803e-01 0.000000e+00
-4.042065e-01 -7.319048e-01 0.000000e+00
-5.208122e-01 3.141896e-01 0.000000e+00
-5.735074e-01 1.000000e+00 0.000000e+00
-5.613103e-01 6.548231e-01 0.000000e+00
-4.732429e-01 -9.803152e-02 0.000000e+00
-4.935482e-01 2.189858e-02 0.000000e+00
-4.566557e-01 -5.989036e-02 0.000000e+00
-4.020429e-01 -6.851272e-01 0.000000e+00
-4.418294e-01 -3.438420e-01 0.000000e+00
-5.131237e-01 2.023712e-01 0.000000e+00
-5.213220e-01 3.571519e-01 0.000000e+00
-3.894307e-01 -7.733206e-01 0.000000e+00
-5.613062e-01 7.007948e-01 0.000000e+00
-3.777486e-01 -8.815602e-01 0.000000e+00
-4.929561e-01 1.007864e-01 0.000000e+00
-4.019102e-01 -6.412283e-01 0.000000e+00
-4.418543e-01 -2.976357e-01 0.000000e+00
-5.214254e-01 4.021125e-01 0.000000e+00
-5.613328e-01 7.468397e-01 0.000000e+00
-4.019468e-01 -5.963716e-01 0.000000e+00
-4.419170e-01 -2.512776e-01 0.000000e+00
-5.214353e-01 4.478629e-01 0.000000e+00
-5.614346e-01 7.931802e-01 0.000000e+00
-4.911674e-01 1.751884e-01 0.000000e+00
-4.375926e-01 -2.189861e-02 0.000000e+00
-3.738325e-01 -8.082892e-01 0.000000e+00
-4.019530e-01 -5.507393e-01 0.000000e+00
-4.419863e-01 -2.054287e-01 0.000000e+00
-3.555730e-01 -1.000000e+00 0.000000e+00
-5.214268e-01 4.938226e-01 0.000000e+00
-5.616447e-01 8.398309e-01 0.000000e+00
-4.019426e-01 -5.048337e-01 0.000000e+00
-4.423164e-01 -1.615782e-01 0.000000e+00
-3.553448e-01 -9.205090e-01 0.000000e+00
-4.704140e-01 6.159399e-02 0.000000e+00
-5.622828e-01 8.860767e-01 0.000000e+00
-5.214153e-01 5.398220e-01 0.000000e+00
-4.019285e-01 -4.588655e-01 0.000000e+00
-5.214034e-01 5.858251e-01 0.000000e+00
-4.454642e-01 -1.259313e-01 0.000000e+00
-5.479950e-01 9.595742e-01 0.000000e+00
-4.692402e-01 1.393713e-01 0.000000e+00
-3.537413e-01 -8.433946e-01 0.000000e+00
-4.019148e-01 -4.128828e-01 0.000000e+00
-5.661338e-01 9.256065e-01 0.000000e+00
-4.775371e-01 2.587970e-01 0.000000e+00
-5.213917e-01 6.318202e-01 0.000000e+00
-4.812633e-01 2.960575e-01 0.000000e+00
-4.702686e-01 2.165405e-01 0.000000e+00
-4.019064e-01 -3.668623e-01 0.000000e+00
-3.603961e-01 -7.042179e-01 0.000000e+00
-3.552764e-01 -7.449877e-01 0.000000e+00
-4.814683e-01 3.361298e-01 0.000000e+00
-5.213834e-01 6.778046e-01 0.000000e+00
-3.324763e-01 -9.601455e-01 0.000000e+00
-3.617067e-01 -6.621080e-01 0.000000e+00
-4.019153e-01 -3.207199e-01 0.000000e+00
-5.273896e-01 1.000000e+00 0.000000e+00
-4.288213e-01 -9.589761e-02 0.000000e+00
-4.474476e-01 2.189858e-02 0.000000e+00
-4.814940e-01 3.797361e-01 0.000000e+00
-4.109663e-01 -5.892960e-02 0.000000e+00
-5.213924e-01 7.238333e-01 0.000000e+00
-3.514287e-01 -7.787698e-01 0.000000e+00
-3.619721e-01 -6.185673e-01 0.000000e+00
-4.019425e-01 -2.744512e-01 0.000000e+00
-3.319293e-01 -8.811891e-01 0.000000e+00
-4.471435e-01 1.010309e-01 0.000000e+00
-4.815078e-01 4.250014e-01 0.000000e+00
-5.214448e-01 7.700501e-01 0.000000e+00
-3.620207e-01 -5.735229e-01 0.000000e+00
-4.019015e-01 -2.285540e-01 0.000000e+00
-4.815036e-01 4.708363e-01 0.000000e+00
-5.215253e-01 8.164595e-01 0.000000e+00
-3.620195e-01 -5.277926e-01 0.000000e+00
-4.015546e-01 -1.837165e-01 0.000000e+00
-4.452078e-01 1.776606e-01 0.000000e+00
-3.302236e-01 -8.062009e-01 0.000000e+00
-3.914714e-01 -2.189861e-02 0.000000e+00
-4.814924e-01 5.168124e-01 0.000000e+00
-5.215224e-01 8.630856e-01 0.000000e+00
-3.094685e-01 -1.000000e+00 0.000000e+00
-3.620064e-01 -4.818615e-01 0.000000e+00
-4.012650e-01 -1.362958e-01 0.000000e+00
-4.814797e-01 5.628132e-01 0.000000e+00
-5.216275e-01 9.141265e-01 0.000000e+00
-3.093201e-01 -9.203824e-01 0.000000e+00
-4.247300e-01 6.153215e-02 0.000000e+00
-3.619915e-01 -4.358852e-01 0.000000e+00
-4.814669e-01 6.088124e-01 0.000000e+00
-4.473175e-01 2.819340e-01 0.000000e+00
-3.619794e-01 -3.898739e-01 0.000000e+00
-5.010719e-01 9.595462e-01 0.000000e+00
-4.425785e-01 3.158681e-01 0.000000e+00
-4.814558e-01 6.548049e-01 0.000000e+00
-4.234059e-01 1.399517e-01 0.000000e+00
-3.083015e-01 -8.424057e-01 0.000000e+00
-3.179418e-01 -7.195765e-01 0.000000e+00
-4.340302e-01 2.515384e-01 0.000000e+00
-3.619792e-01 -3.437625e-01 0.000000e+00
-3.219678e-01 -6.807665e-01 0.000000e+00
-3.099096e-01 -7.636806e-01 0.000000e+00
-4.416585e-01 3.579874e-01 0.000000e+00
-4.814547e-01 7.008235e-01 0.000000e+00
-3.221116e-01 -6.398302e-01 0.000000e+00
-3.619967e-01 -2.975390e-01 0.000000e+00
-2.863838e-01 -9.601131e-01 0.000000e+00
-4.415714e-01 4.024121e-01 0.000000e+00
-4.814802e-01 7.469580e-01 0.000000e+00
-4.812621e-01 1.000000e+00 0.000000e+00
-4.183757e-01 2.145368e-01 0.000000e+00
-3.220900e-01 -5.959480e-01 0.000000e+00
-3.819579e-01 -9.410616e-02 0.000000e+00
-3.619352e-01 -2.516599e-01 0.000000e+00
-4.013372e-01 2.189858e-02 0.000000e+00
-3.655893e-01 -5.668581e-02 0.000000e+00
-4.415707e-01 4.479219e-01 0.000000e+00
-4.815235e-01 7.931194e-01 0.000000e+00
-3.220873e-01 -5.506497e-01 0.000000e+00
-2.860179e-01 -8.808545e-01 0.000000e+00
-4.016593e-01 1.009408e-01 0.000000e+00
-3.614029e-01 -2.073413e-01 0.000000e+00
-4.415624e-01 4.938154e-01 0.000000e+00
-4.814555e-01 8.385867e-01 0.000000e+00
-3.220771e-01 -5.048372e-01 0.000000e+00
-3.588029e-01 -1.654127e-01 0.000000e+00
-4.415496e-01 5.398019e-01 0.000000e+00
-4.805472e-01 8.821544e-01 0.000000e+00
-3.985814e-01 1.778066e-01 0.000000e+00
-2.845419e-01 -8.035768e-01 0.000000e+00
-3.220620e-01 -4.588851e-01 0.000000e+00
-3.453405e-01 -2.189861e-02 0.000000e+00
-4.415358e-01 5.858017e-01 0.000000e+00
-2.633543e-01 -1.000000e+00 0.000000e+00
-3.220472e-01 -4.128797e-01 0.000000e+00
-3.461846e-01 -1.249879e-01 0.000000e+00
-2.632594e-01 -9.202842e-01 0.000000e+00
-3.808380e-01 6.071319e-02 0.000000e+00
-4.415229e-01 6.317990e-01 0.000000e+00
-4.039105e-01 2.898292e-01 0.000000e+00
-3.220400e-01 -3.667597e-01 0.000000e+00
-4.720018e-01 9.225881e-01 0.000000e+00
-2.878448e-01 -6.954128e-01 0.000000e+00
-4.017281e-01 3.364742e-01 0.000000e+00
-4.415154e-01 6.778123e-01 0.000000e+00
-4.548142e-01 9.612925e-01 0.000000e+00
-2.832225e-01 -6.605233e-01 0.000000e+00
-3.890633e-01 2.485913e-01 0.000000e+00
-3.220592e-01 -3.204441e-01 0.000000e+00
-2.742613e-01 -7.271605e-01 0.000000e+00
-2.624364e-01 -8.416853e-01 0.000000e+00
-3.776370e-01 1.398207e-01 0.000000e+00
-4.015841e-01 3.803425e-01 0.000000e+00
-4.415232e-01 7.239050e-01 0.000000e+00
-2.822760e-01 -6.178580e-01 0.000000e+00
-3.221045e-01 -2.743666e-01 0.000000e+00
-4.016176e-01 4.252116e-01 0.000000e+00
-4.415431e-01 7.700200e-01 0.000000e+00
-2.402758e-01 -9.600882e-01 0.000000e+00
-2.821522e-01 -5.732685e-01 0.000000e+00
-3.217481e-01 -2.298128e-01 0.000000e+00
-3.730062e-01 2.135381e-01 0.000000e+00
-3.328106e-01 -8.562371e-02 0.000000e+00
-4.016230e-01 4.708674e-01 0.000000e+00
-2.582026e-01 -7.656291e-01 0.000000e+00
-4.351248e-01 1.000000e+00 0.000000e+00
-4.415638e-01 8.155343e-01 0.000000e+00
-3.672913e-01 2.189858e-02 0.000000e+00
-3.273058e-01 -5.169505e-02 0.000000e+00
-2.821389e-01 -5.277458e-01 0.000000e+00
-3.207078e-01 -1.881676e-01 0.000000e+00
-4.016126e-01 5.167980e-01 0.000000e+00
-4.419424e-01 8.590131e-01 0.000000e+00
-2.400192e-01 -8.806134e-01 0.000000e+00
-3.568391e-01 9.995287e-02 0.000000e+00
-2.821256e-01 -4.818727e-01 0.000000e+00
-3.177399e-01 -1.517972e-01 0.000000e+00
-4.015984e-01 5.627899e-01 0.000000e+00
-2.821094e-01 -4.358852e-01 0.000000e+00
-4.448502e-01 8.944797e-01 0.000000e+00
-3.518653e-01 1.774697e-01 0.000000e+00
-2.381698e-01 -8.031411e-01 0.000000e+00
-4.015840e-01 6.087891e-01 0.000000e+00
-2.991997e-01 -2.189861e-02 0.000000e+00
-3.348366e-01 5.601605e-02 0.000000e+00
-3.332455e-01 2.189858e-02 0.000000e+00
-2.820943e-01 -3.897464e-01 0.000000e+00
-2.172302e-01 -1.000000e+00 0.000000e+00
-4.015725e-01 6.547991e-01 0.000000e+00
-3.600907e-01 3.174554e-01 0.000000e+00
-3.549748e-01 2.769249e-01 0.000000e+00
-2.784903e-01 -1.115187e-01 0.000000e+00
-2.820953e-01 -3.431844e-01 0.000000e+00
-2.171712e-01 -9.202108e-01 0.000000e+00
-2.448219e-01 -6.872159e-01 0.000000e+00
-3.613695e-01 3.594753e-01 0.000000e+00
-4.015682e-01 7.008652e-01 0.000000e+00
-2.425673e-01 -6.396782e-01 0.000000e+00
-2.822047e-01 -2.962037e-01 0.000000e+00
-4.280644e-01 9.246230e-01 0.000000e+00
-3.507663e-01 2.432291e-01 0.000000e+00
-4.094196e-01 9.618845e-01 0.000000e+00
-3.616236e-01 4.030078e-01 0.000000e+00
-2.297295e-01 -7.297747e-01 0.000000e+00
-4.015553e-01 7.469728e-01 0.000000e+00
-2.165423e-01 -8.412248e-01 0.000000e+00
-3.329051e-01 1.383852e-01 0.000000e+00
-2.422080e-01 -5.954593e-01 0.000000e+00
-2.826899e-01 -2.510362e-01 0.000000e+00
-3.616693e-01 4.480715e-01 0.000000e+00
-4.014560e-01 7.927380e-01 0.000000e+00
-2.923300e-01 -6.750880e-02 0.000000e+00
-2.421853e-01 -5.504747e-01 0.000000e+00
-2.809352e-01 -2.090489e-01 0.000000e+00
-3.616675e-01 4.938265e-01 0.000000e+00
-1.941541e-01 -9.600687e-01 0.000000e+00
-4.013676e-01 8.376429e-01 0.000000e+00
-2.814321e-01 -1.674187e-01 0.000000e+00
-3.275799e-01 2.154300e-01 0.000000e+00
-2.135574e-01 -7.659010e-01 0.000000e+00
-2.421802e-01 -5.048148e-01 0.000000e+00
-3.889777e-01 1.000000e+00 0.000000e+00
-3.616543e-01 5.397818e-01 0.000000e+00
-4.026674e-01 8.844517e-01 0.000000e+00
-2.421654e-01 -4.588883e-01 0.000000e+00
-1.939926e-01 -8.804242e-01 0.000000e+00
-3.156193e-01 9.969397e-02 0.000000e+00
-3.616390e-01 5.857770e-01 0.000000e+00
-2.421441e-01 -4.127764e-01 0.000000e+00
-2.991997e-01 2.189858e-02 0.000000e+00
-3.616250e-01 6.317842e-01 0.000000e+00
-2.420917e-01 -3.660575e-01 0.000000e+00
-2.987391e-01 1.743165e-01 0.000000e+00
-1.929498e-01 -8.020663e-01 0.000000e+00
-3.177771e-01 3.021475e-01 0.000000e+00
-3.616141e-01 6.778303e-01 0.000000e+00
-3.216622e-01 3.408186e-01 0.000000e+00
-1.710964e-01 -1.000000e+00 0.000000e+00
-3.097530e-01 2.588454e-01 0.000000e+00
-2.420657e-01 -3.177185e-01 0.000000e+00
-2.581122e-01 -1.529063e-01 0.000000e+00
-2.023549e-01 -6.589361e-01 0.000000e+00
-1.976620e-01 -6.992252e-01 0.000000e+00
-3.217581e-01 3.817295e-01 0.000000e+00
-3.615859e-01 7.239201e-01 0.000000e+00
-1.710635e-01 -9.201534e-01 0.000000e+00
-2.022157e-01 -6.167263e-01 0.000000e+00
-2.424759e-01 -2.680597e-01 0.000000e+00
-3.217201e-01 4.256322e-01 0.000000e+00
-3.614101e-01 7.697948e-01 0.000000e+00
-2.932312e-01 6.325255e-02 0.000000e+00
-3.839643e-01 9.249583e-01 0.000000e+00
-1.924516e-01 -7.337916e-01 0.000000e+00
-2.021982e-01 -5.727844e-01 0.000000e+00
-2.472602e-01 -2.286256e-01 0.000000e+00
-3.640154e-01 9.620259e-01 0.000000e+00
-3.217138e-01 4.709564e-01 0.000000e+00
-1.707315e-01 -8.406982e-01 0.000000e+00
-2.978149e-01 1.330949e-01 0.000000e+00
-3.608167e-01 8.148431e-01 0.000000e+00
-2.022188e-01 -5.276203e-01 0.000000e+00
-2.316054e-01 -1.906781e-01 0.000000e+00
-3.217030e-01 5.167938e-01 0.000000e+00
-3.600005e-01 8.586181e-01 0.000000e+00
-2.022134e-01 -4.818622e-01 0.000000e+00
-1.480201e-01 -9.600529e-01 0.000000e+00
-2.816376e-01 1.033842e-01 0.000000e+00
-2.793001e-01 2.214954e-01 0.000000e+00
-1.706386e-01 -7.621486e-01 0.000000e+00
-3.216876e-01 5.627662e-01 0.000000e+00
-3.428208e-01 1.000000e+00 0.000000e+00
-2.021914e-01 -4.358454e-01 0.000000e+00
-3.216719e-01 6.087685e-01 0.000000e+00
-1.479378e-01 -8.802654e-01 0.000000e+00
-2.020976e-01 -3.893092e-01 0.000000e+00
-3.602006e-01 8.948845e-01 0.000000e+00
-3.216578e-01 6.547994e-01 0.000000e+00
-2.877359e-01 3.260023e-01 0.000000e+00
-2.015370e-01 -3.405528e-01 0.000000e+00
-2.829523e-01 3.609046e-01 0.000000e+00
-3.216295e-01 7.008663e-01 0.000000e+00
-1.670317e-01 -6.744178e-01 0.000000e+00
-2.749277e-01 2.939393e-01 0.000000e+00
-1.476606e-01 -8.005003e-01 0.000000e+00
-2.624341e-01 1.453530e-01 0.000000e+00
-2.370336e-01 1.838886e-01 0.000000e+00
-2.013528e-01 -2.867725e-01 0.000000e+00
-1.626989e-01 -6.375258e-01 0.000000e+00
-1.533087e-01 -7.145999e-01 0.000000e+00
-2.819093e-01 4.036754e-01 0.000000e+00
-1.249527e-01 -1.000000e+00 0.000000e+00
-3.214656e-01 7.467999e-01 0.000000e+00
-1.621859e-01 -5.944804e-01 0.000000e+00
-1.996237e-01 -2.239429e-01 0.000000e+00
-1.249374e-01 -9.201093e-01 0.000000e+00
-2.817606e-01 4.483189e-01 0.000000e+00
-3.207762e-01 7.921522e-01 0.000000e+00
-1.622244e-01 -5.501076e-01 0.000000e+00
-2.652586e-01 2.590438e-01 0.000000e+00
-3.395600e-01 9.251817e-01 0.000000e+00
-2.817432e-01 4.938720e-01 0.000000e+00
-3.191409e-01 8.369744e-01 0.000000e+00
-3.184236e-01 9.621849e-01 0.000000e+00
-1.622476e-01 -5.047354e-01 0.000000e+00
-1.247947e-01 -8.402826e-01 0.000000e+00
-2.817294e-01 5.397674e-01 0.000000e+00
-1.622335e-01 -4.588856e-01 0.000000e+00
-3.172104e-01 8.845448e-01 0.000000e+00
-2.817129e-01 5.857538e-01 0.000000e+00
-2.363632e-01 2.372215e-01 0.000000e+00
-1.018746e-01 -9.600400e-01 0.000000e+00
-1.621562e-01 -4.127144e-01 0.000000e+00
-1.252388e-01 -7.582172e-01 0.000000e+00
-2.966541e-01 1.000000e+00 0.000000e+00
-2.816969e-01 6.317724e-01 0.000000e+00
-1.614961e-01 -3.653039e-01 0.000000e+00
-2.816722e-01 6.778176e-01 0.000000e+00
-1.018363e-01 -8.801631e-01 0.000000e+00
-2.450781e-01 3.333998e-01 0.000000e+00
-1.565717e-01 -3.110944e-01 0.000000e+00
-1.222658e-01 -6.659519e-01 0.000000e+00
-2.423122e-01 3.815987e-01 0.000000e+00
-2.815517e-01 7.237644e-01 0.000000e+00
-1.218905e-01 -6.161061e-01 0.000000e+00
-1.629113e-01 -2.519121e-01 0.000000e+00
-2.282240e-01 2.850995e-01 0.000000e+00
-1.016720e-01 -7.997578e-01 0.000000e+00
-2.418178e-01 4.260670e-01 0.000000e+00
-2.809856e-01 7.692306e-01 0.000000e+00
-2.060161e-01 2.180766e-01 0.000000e+00
-1.221312e-01 -5.720185e-01 0.000000e+00
-7.879927e-02 -1.000000e+00 0.000000e+00
-2.417712e-01 4.711233e-01 0.000000e+00
-2.793519e-01 8.139904e-01 0.000000e+00
-1.005415e-01 -7.147044e-01 0.000000e+00
-1.222504e-01 -5.273502e-01 0.000000e+00
-7.879370e-02 -9.200779e-01 0.000000e+00
-2.417624e-01 5.168133e-01 0.000000e+00
-2.947446e-01 9.254040e-01 0.000000e+00
-1.222646e-01 -4.818235e-01 0.000000e+00
-2.724385e-01 9.624174e-01 0.000000e+00
-2.417473e-01 5.627469e-01 0.000000e+00
-2.768159e-01 8.580126e-01 0.000000e+00
-7.869944e-02 -8.401354e-01 0.000000e+00
-1.222174e-01 -4.359255e-01 0.000000e+00
-2.028992e-01 2.560573e-01 0.000000e+00
-2.417302e-01 6.087495e-01 0.000000e+00
-1.219523e-01 -3.898700e-01 0.000000e+00
-5.571793e-02 -9.600290e-01 0.000000e+00
-2.417083e-01 6.547777e-01 0.000000e+00
-7.801364e-02 -7.585440e-01 0.000000e+00
-1.203725e-01 -3.441118e-01 0.000000e+00
-2.504776e-01 1.000000e+00 0.000000e+00
-2.416268e-01 7.007285e-01 0.000000e+00
-2.024795e-01 3.613884e-01 0.000000e+00
-2.021833e-01 3.229054e-01 0.000000e+00
-1.701134e-01 2.471060e-01 0.000000e+00
-1.223375e-01 -2.739222e-01 0.000000e+00
-1.138265e-01 -3.071721e-01 0.000000e+00
-2.740039e-01 8.948686e-01 0.000000e+00
-8.051888e-02 -6.345722e-01 0.000000e+00
-5.569759e-02 -8.801134e-01 0.000000e+00
-2.018805e-01 4.045720e-01 0.000000e+00
-2.412213e-01 7.462819e-01 0.000000e+00
-8.184812e-02 -5.926649e-01 0.000000e+00
-7.118439e-02 -6.760396e-01 0.000000e+00
-2.017814e-01 4.487577e-01 0.000000e+00
-2.398528e-01 7.913358e-01 0.000000e+00
-8.219907e-02 -5.493684e-01 0.000000e+00
-5.539361e-02 -7.999221e-01 0.000000e+00
-1.746730e-01 2.912818e-01 0.000000e+00
-2.017826e-01 4.939880e-01 0.000000e+00
-3.263604e-02 -1.000000e+00 0.000000e+00
-2.373488e-01 8.369075e-01 0.000000e+00
-8.227711e-02 -5.045447e-01 0.000000e+00
-2.017739e-01 5.397697e-01 0.000000e+00
-3.263556e-02 -9.200546e-01 0.000000e+00
-5.268466e-02 -7.180276e-01 0.000000e+00
-8.225392e-02 -4.589208e-01 0.000000e+00
-2.492245e-01 9.250273e-01 0.000000e+00
-2.017572e-01 5.857334e-01 0.000000e+00
-8.209242e-02 -4.131381e-01 0.000000e+00
-2.256994e-01 9.627398e-01 0.000000e+00
-2.369313e-01 8.830997e-01 0.000000e+00
-3.254676e-02 -8.401361e-01 0.000000e+00
-2.017367e-01 6.317455e-01 0.000000e+00
-8.138902e-02 -3.678285e-01 0.000000e+00
-2.016826e-01 6.776971e-01 0.000000e+00
-1.301736e-01 2.702864e-01 0.000000e+00
-7.899724e-02 -3.247206e-01 0.000000e+00
-9.550765e-03 -9.600192e-01 0.000000e+00
-1.647746e-01 3.397651e-01 0.000000e+00
-3.150046e-02 -7.597099e-01 0.000000e+00
-2.014173e-01 7.232814e-01 0.000000e+00
-1.623524e-01 3.833365e-01 0.000000e+00
-7.885947e-02 -2.894494e-01 0.000000e+00
-2.042913e-01 1.000000e+00 0.000000e+00
-4.424170e-02 -6.471690e-01 0.000000e+00
-4.214049e-02 -6.119315e-01 0.000000e+00
-1.618262e-01 4.268781e-01 0.000000e+00
-2.003774e-01 7.683003e-01 0.000000e+00
-9.539736e-03 -8.800838e-01 0.000000e+00
-4.225324e-02 -5.704010e-01 0.000000e+00
-1.617877e-01 4.714285e-01 0.000000e+00
-2.635025e-02 -6.793873e-01 0.000000e+00
-1.977926e-01 8.141303e-01 0.000000e+00
-4.229138e-02 -5.268157e-01 0.000000e+00
-1.617896e-01 5.168780e-01 0.000000e+00
-9.206909e-03 -8.001780e-01 0.000000e+00
-1.271055e-01 3.141046e-01 0.000000e+00
-4.228036e-02 -4.817412e-01 0.000000e+00
-1.946068e-01 8.639011e-01 0.000000e+00
-1.617770e-01 5.627376e-01 0.000000e+00
1.353699e-02 -1.000000e+00 0.000000e+00
-4.218013e-02 -4.361415e-01 0.000000e+00
1.353438e-02 -9.200344e-01 0.000000e+00
-1.617577e-01 6.087215e-01 0.000000e+00
-6.574213e-03 -7.199158e-01 0.000000e+00
-1.960872e-01 9.211126e-01 0.000000e+00
-4.181705e-02 -3.907955e-01 0.000000e+00
-1.617200e-01 6.546759e-01 0.000000e+00
-1.842563e-01 9.671839e-01 0.000000e+00
-4.054744e-02 -3.465092e-01 0.000000e+00
1.360777e-02 -8.401360e-01 0.000000e+00
-1.615588e-01 7.002895e-01 0.000000e+00
-8.714013e-02 2.870653e-01 0.000000e+00
-1.231958e-01 3.599839e-01 0.000000e+00
-3.350514e-02 -2.981228e-01 0.000000e+00
-1.218724e-01 4.047186e-01 0.000000e+00
-1.608707e-01 7.451179e-01 0.000000e+00
-2.200434e-03 -6.363795e-01 0.000000e+00
3.662657e-02 -9.600099e-01 0.000000e+00
1.462413e-02 -7.603892e-01 0.000000e+00
-3.121887e-03 -5.907237e-01 0.000000e+00
-1.580951e-01 1.000000e+00 0.000000e+00
-1.217597e-01 4.491311e-01 0.000000e+00
-1.587773e-01 7.898733e-01 0.000000e+00
-2.488437e-03 -5.484425e-01 0.000000e+00
-1.217857e-01 4.941556e-01 0.000000e+00
3.662972e-02 -8.800548e-01 0.000000e+00
-2.313430e-03 -5.042598e-01 0.000000e+00
1.936250e-02 -6.800220e-01 0.000000e+00
-1.217870e-01 5.397969e-01 0.000000e+00
-1.545860e-01 8.377456e-01 0.000000e+00
-8.255756e-02 3.319255e-01 0.000000e+00
-2.226297e-03 -4.590340e-01 0.000000e+00
3.691960e-02 -8.002783e-01 0.000000e+00
-1.217711e-01 5.857125e-01 0.000000e+00
-2.010500e-03 -4.137038e-01 0.000000e+00
5.971982e-02 -1.000000e+00 0.000000e+00
-1.217423e-01 6.316643e-01 0.000000e+00
-1.901294e-03 -3.690201e-01 0.000000e+00
5.971505e-02 -9.200151e-01 0.000000e+00
3.938920e-02 -7.209314e-01 0.000000e+00
-1.216454e-01 6.773398e-01 0.000000e+00
-1.490152e-01 8.912907e-01 0.000000e+00
-1.403990e-01 9.506843e-01 0.000000e+00
-1.212290e-01 7.221370e-01 0.000000e+00
-8.072653e-02 3.800217e-01 0.000000e+00
-4.203138e-02 2.970408e-01 0.000000e+00
5.976663e-02 -8.401067e-01 0.000000e+00
-4.676514e-03 -3.309166e-01 0.000000e+00
3.154113e-02 -6.069450e-01 0.000000e+00
-8.148862e-02 4.265127e-01 0.000000e+00
-1.198169e-01 7.659234e-01 0.000000e+00
3.658261e-02 -5.699399e-01 0.000000e+00
4.749352e-02 -6.411110e-01 0.000000e+00
-8.172497e-02 4.715990e-01 0.000000e+00
8.281391e-02 -9.600009e-01 0.000000e+00
6.065624e-02 -7.606771e-01 0.000000e+00
3.759293e-02 -5.264212e-01 0.000000e+00
-1.163927e-01 8.108427e-01 0.000000e+00
-1.118892e-01 1.000000e+00 0.000000e+00
-8.177815e-02 5.169678e-01 0.000000e+00
3.775456e-02 -4.817305e-01 0.000000e+00
8.281037e-02 -8.800239e-01 0.000000e+00
-8.177531e-02 5.627398e-01 0.000000e+00
6.568568e-02 -6.820714e-01 0.000000e+00
3.798365e-02 -4.367124e-01 0.000000e+00
1.265242e-02 -2.997327e-01 0.000000e+00
-3.274835e-02 3.493544e-01 0.000000e+00
-1.103691e-01 8.598209e-01 0.000000e+00
-8.175290e-02 6.086618e-01 0.000000e+00
3.864301e-02 -3.914700e-01 0.000000e+00
8.303711e-02 -8.002690e-01 0.000000e+00
-8.169136e-02 6.544099e-01 0.000000e+00
1.059125e-01 -1.000000e+00 0.000000e+00
3.909963e-02 -3.412067e-01 0.000000e+00
-8.144501e-02 6.993544e-01 0.000000e+00
1.059062e-01 -9.199963e-01 0.000000e+00
8.527280e-02 -7.216515e-01 0.000000e+00
-8.056424e-02 7.428033e-01 0.000000e+00
-4.056501e-02 4.029986e-01 0.000000e+00
-1.012774e-01 9.110751e-01 0.000000e+00
-8.599244e-02 9.583690e-01 0.000000e+00
7.624961e-02 -5.983015e-01 0.000000e+00
4.083992e-03 2.999719e-01 0.000000e+00
1.059366e-01 -8.400616e-01 0.000000e+00
-4.154916e-02 4.489744e-01 0.000000e+00
-7.819274e-02 7.856007e-01 0.000000e+00
7.777515e-02 -5.488379e-01 0.000000e+00
-4.172889e-02 4.942818e-01 0.000000e+00
9.386870e-02 -6.440555e-01 0.000000e+00
7.782807e-02 -5.040676e-01 0.000000e+00
1.290112e-01 -9.599921e-01 0.000000e+00
1.066597e-01 -7.607410e-01 0.000000e+00
-4.176388e-02 5.398471e-01 0.000000e+00
-7.346113e-02 8.305520e-01 0.000000e+00
-6.567350e-02 1.000000e+00 0.000000e+00
7.790439e-02 -4.595708e-01 0.000000e+00
-4.175293e-02 5.856804e-01 0.000000e+00
5.851968e-02 -2.942367e-01 0.000000e+00
1.290025e-01 -8.799929e-01 0.000000e+00
7.852916e-02 -4.157342e-01 0.000000e+00
1.112358e-01 -6.837487e-01 0.000000e+00
-4.171135e-02 6.314765e-01 0.000000e+00
8.111955e-02 -3.722233e-01 0.000000e+00
1.973589e-02 3.467332e-01 0.000000e+00
-6.610566e-02 8.778624e-01 0.000000e+00
-4.156280e-02 6.766422e-01 0.000000e+00
1.291648e-01 -8.002049e-01 0.000000e+00
1.521149e-01 -1.000000e+00 0.000000e+00
-4.102491e-02 7.202482e-01 0.000000e+00
-3.475607e-03 3.846695e-01 0.000000e+00
1.521076e-01 -9.199780e-01 0.000000e+00
1.309969e-01 -7.219239e-01 0.000000e+00
-1.573970e-03 4.259898e-01 0.000000e+00
-3.947292e-02 7.620873e-01 0.000000e+00
8.970013e-02 -3.274682e-01 0.000000e+00
1.198580e-01 -5.690111e-01 0.000000e+00
1.255424e-01 -6.108351e-01 0.000000e+00
-1.608508e-03 4.716541e-01 0.000000e+00
-4.062156e-02 9.619507e-01 0.000000e+00
-5.614143e-02 9.225848e-01 0.000000e+00
1.183772e-01 -5.254907e-01 0.000000e+00
-3.607321e-02 8.040958e-01 0.000000e+00
5.011199e-02 2.957847e-01 0.000000e+00
1.521203e-01 -8.400117e-01 0.000000e+00
-1.716062e-03 5.170944e-01 0.000000e+00
1.179332e-01 -4.817603e-01 0.000000e+00
1.383497e-01 -6.485749e-01 0.000000e+00
-1.738343e-03 5.627563e-01 0.000000e+00
1.752184e-01 -9.599834e-01 0.000000e+00
1.526611e-01 -7.606470e-01 0.000000e+00
1.179485e-01 -4.383671e-01 0.000000e+00
-3.038046e-02 8.482407e-01 0.000000e+00
-1.944796e-02 1.000000e+00 0.000000e+00
-1.713612e-03 6.085392e-01 0.000000e+00
1.185187e-01 -3.972557e-01 0.000000e+00
-1.620826e-03 6.539115e-01 0.000000e+00
1.752058e-01 -8.799628e-01 0.000000e+00
1.030086e-01 -2.817606e-01 0.000000e+00
1.562603e-01 -6.844749e-01 0.000000e+00
-1.291632e-03 6.979110e-01 0.000000e+00
1.236159e-01 -3.571899e-01 0.000000e+00
-2.317623e-02 8.928621e-01 0.000000e+00
1.753109e-01 -8.001161e-01 0.000000e+00
-2.970499e-04 7.396763e-01 0.000000e+00
6.369155e-02 3.520163e-01 0.000000e+00
3.976758e-02 3.970269e-01 0.000000e+00
1.983271e-01 -1.000000e+00 0.000000e+00
3.890965e-02 4.486691e-01 0.000000e+00
2.058012e-03 7.799809e-01 0.000000e+00
1.622591e-01 -5.863767e-01 0.000000e+00
1.983191e-01 -9.199601e-01 0.000000e+00
1.596285e-01 -5.453895e-01 0.000000e+00
1.766700e-01 -7.217547e-01 0.000000e+00
3.845216e-02 4.945825e-01 0.000000e+00
1.626661e-01 -6.205033e-01 0.000000e+00
1.583047e-01 -5.030628e-01 0.000000e+00
1.340411e-01 -3.124995e-01 0.000000e+00
-1.915573e-02 9.300998e-01 0.000000e+00
2.758515e-03 9.604653e-01 0.000000e+00
6.413176e-03 8.211617e-01 0.000000e+00
3.831011e-02 5.399757e-01 0.000000e+00
9.495938e-02 2.845743e-01 0.000000e+00
8.728861e-02 3.218460e-01 0.000000e+00
1.983181e-01 -8.399620e-01 0.000000e+00
1.578730e-01 -4.599286e-01 0.000000e+00
3.830074e-02 5.856289e-01 0.000000e+00
1.814059e-01 -6.486946e-01 0.000000e+00
1.570436e-01 -4.172198e-01 0.000000e+00
2.214354e-01 -9.599748e-01 0.000000e+00
3.835789e-02 6.311336e-01 0.000000e+00
1.986885e-01 -7.604581e-01 0.000000e+00
1.288279e-02 8.647247e-01 0.000000e+00
2.678739e-02 1.000000e+00 0.000000e+00
1.526098e-01 -3.817037e-01 0.000000e+00
3.856171e-02 6.755749e-01 0.000000e+00
2.214203e-01 -8.799337e-01 0.000000e+00
2.011620e-01 -6.838841e-01 0.000000e+00
1.450627e-01 -2.625960e-01 0.000000e+00
3.919215e-02 7.177828e-01 0.000000e+00
1.659385e-01 -3.452207e-01 0.000000e+00
2.096521e-02 9.144902e-01 0.000000e+00
4.077850e-02 7.575041e-01 0.000000e+00
8.033158e-02 4.281053e-01 0.000000e+00
2.214789e-01 -8.000212e-01 0.000000e+00
2.012135e-01 -5.643179e-01 0.000000e+00
7.886789e-02 4.729283e-01 0.000000e+00
2.037685e-01 -6.088636e-01 0.000000e+00
2.445492e-01 -1.000000e+00 0.000000e+00
8.236074e-02 3.889855e-01 0.000000e+00
4.396134e-02 7.963977e-01 0.000000e+00
1.989773e-01 -5.231391e-01 0.000000e+00
7.843186e-02 5.175714e-01 0.000000e+00
2.445407e-01 -9.199425e-01 0.000000e+00
2.223815e-01 -7.212561e-01 0.000000e+00
1.982148e-01 -4.812017e-01 0.000000e+00
1.245655e-01 3.150872e-01 0.000000e+00
7.834008e-02 5.628339e-01 0.000000e+00
1.773774e-01 -2.937034e-01 0.000000e+00
1.979840e-01 -4.373873e-01 0.000000e+00
4.917739e-02 8.365663e-01 0.000000e+00
1.375597e-01 2.666029e-01 0.000000e+00
4.776696e-02 9.591047e-01 0.000000e+00
2.445298e-01 -8.399150e-01 0.000000e+00
7.836230e-02 6.083277e-01 0.000000e+00
1.960198e-01 -3.862879e-01 0.000000e+00
2.250575e-01 -6.467808e-01 0.000000e+00
1.048572e-01 3.576607e-01 0.000000e+00
7.848906e-02 6.531447e-01 0.000000e+00
2.676623e-01 -9.599662e-01 0.000000e+00
2.447570e-01 -7.602310e-01 0.000000e+00
5.693299e-02 8.790244e-01 0.000000e+00
7.888437e-02 6.960157e-01 0.000000e+00
7.303255e-02 1.000000e+00 0.000000e+00
7.991459e-02 7.359823e-01 0.000000e+00
2.676454e-01 -8.799057e-01 0.000000e+00
2.461797e-01 -6.824440e-01 0.000000e+00
1.836816e-01 -2.371939e-01 0.000000e+00
1.191363e-01 4.524928e-01 0.000000e+00
1.235929e-01 4.040324e-01 0.000000e+00
8.213531e-02 7.737070e-01 0.000000e+00
2.110534e-01 -3.301736e-01 0.000000e+00
2.389513e-01 -5.412848e-01 0.000000e+00
1.185891e-01 4.958643e-01 0.000000e+00
2.424802e-01 -5.801383e-01 0.000000e+00
2.676692e-01 -7.999316e-01 0.000000e+00
2.384001e-01 -5.016751e-01 0.000000e+00
8.606737e-02 8.113798e-01 0.000000e+00
7.059231e-02 9.215993e-01 0.000000e+00
2.907810e-01 -1.000000e+00 0.000000e+00
1.184196e-01 5.403323e-01 0.000000e+00
2.386404e-01 -4.600518e-01 0.000000e+00
2.463202e-01 -6.147302e-01 0.000000e+00
2.907723e-01 -9.199251e-01 0.000000e+00
1.743181e-01 2.995481e-01 0.000000e+00
2.681928e-01 -7.206242e-01 0.000000e+00
1.183918e-01 5.855665e-01 0.000000e+00
1.768988e-01 2.422944e-01 0.000000e+00
2.401761e-01 -4.155606e-01 0.000000e+00
2.246509e-01 -2.678191e-01 0.000000e+00
9.191482e-02 8.508424e-01 0.000000e+00
1.184644e-01 6.306079e-01 0.000000e+00
9.337207e-02 9.608269e-01 0.000000e+00
1.495814e-01 3.552887e-01 0.000000e+00
2.907545e-01 -8.398712e-01 0.000000e+00
2.687846e-01 -6.429936e-01 0.000000e+00
1.187097e-01 6.741597e-01 0.000000e+00
2.461447e-01 -3.660783e-01 0.000000e+00
1.193372e-01 7.148830e-01 0.000000e+00
9.983568e-02 8.917862e-01 0.000000e+00
3.138990e-01 -9.599576e-01 0.000000e+00
2.908767e-01 -7.600208e-01 0.000000e+00
1.192875e-01 1.000000e+00 0.000000e+00
1.206780e-01 7.524365e-01 0.000000e+00
1.552492e-01 4.361504e-01 0.000000e+00
2.179458e-01 -2.061541e-01 0.000000e+00
1.585068e-01 4.743082e-01 0.000000e+00
3.138810e-01 -8.798786e-01 0.000000e+00
2.915526e-01 -6.807258e-01 0.000000e+00
1.234212e-01 7.883855e-01 0.000000e+00
2.732576e-01 -5.568061e-01 0.000000e+00
2.775208e-01 -5.215756e-01 0.000000e+00
1.585908e-01 5.182367e-01 0.000000e+00
2.865454e-01 -5.960595e-01 0.000000e+00
2.564715e-01 -3.127886e-01 0.000000e+00
1.745801e-01 3.982979e-01 0.000000e+00
2.783814e-01 -4.813673e-01 0.000000e+00
3.138813e-01 -7.998543e-01 0.000000e+00
1.584682e-01 5.629916e-01 0.000000e+00
1.281089e-01 8.255138e-01 0.000000e+00
1.087220e-01 9.279766e-01 0.000000e+00
2.799296e-01 -4.400821e-01 0.000000e+00
2.120395e-01 2.122241e-01 0.000000e+00
2.163674e-01 2.609185e-01 0.000000e+00
3.370227e-01 -1.000000e+00 0.000000e+00
1.584775e-01 6.080183e-01 0.000000e+00
2.586849e-01 -2.219322e-01 0.000000e+00
3.370138e-01 -9.199079e-01 0.000000e+00
3.141712e-01 -7.201137e-01 0.000000e+00
2.838190e-01 -3.956790e-01 0.000000e+00
1.586270e-01 6.521237e-01 0.000000e+00
1.342739e-01 8.658008e-01 0.000000e+00
1.970641e-01 3.489691e-01 0.000000e+00
1.423091e-01 9.564437e-01 0.000000e+00
1.589992e-01 6.938360e-01 0.000000e+00
3.369916e-01 -8.398307e-01 0.000000e+00
3.143490e-01 -6.388581e-01 0.000000e+00
2.685915e-01 -2.670942e-01 0.000000e+00
1.596057e-01 7.322256e-01 0.000000e+00
1.404921e-01 9.087582e-01 0.000000e+00
2.907280e-01 -3.462665e-01 0.000000e+00
2.470385e-01 -1.702116e-01 0.000000e+00
3.601456e-01 -9.599491e-01 0.000000e+00
3.370510e-01 -7.598684e-01 0.000000e+00
1.602995e-01 7.673438e-01 0.000000e+00
2.005517e-01 4.444726e-01 0.000000e+00
1.655523e-01 1.000000e+00 0.000000e+00
1.994343e-01 4.959262e-01 0.000000e+00
3.167213e-01 -5.483370e-01 0.000000e+00
1.637638e-01 8.015898e-01 0.000000e+00
3.171119e-01 -5.020853e-01 0.000000e+00
3.601268e-01 -8.798520e-01 0.000000e+00
3.375476e-01 -6.798009e-01 0.000000e+00
2.421437e-01 1.771052e-01 0.000000e+00
2.531542e-01 2.242450e-01 0.000000e+00
1.987166e-01 5.408274e-01 0.000000e+00
2.186620e-01 3.061973e-01 0.000000e+00
3.189704e-01 -4.622114e-01 0.000000e+00
1.985427e-01 5.855214e-01 0.000000e+00
2.990636e-01 -2.939406e-01 0.000000e+00
2.228551e-01 3.914094e-01 0.000000e+00
1.702229e-01 8.395539e-01 0.000000e+00
2.893618e-01 -1.796701e-01 0.000000e+00
3.601129e-01 -7.997909e-01 0.000000e+00
3.391534e-01 -5.953580e-01 0.000000e+00
3.218413e-01 -4.212289e-01 0.000000e+00
1.986080e-01 6.299151e-01 0.000000e+00
3.832742e-01 -1.000000e+00 0.000000e+00
3.053173e-01 -2.360210e-01 0.000000e+00
1.988539e-01 6.725533e-01 0.000000e+00
3.832652e-01 -9.198907e-01 0.000000e+00
3.603092e-01 -7.198734e-01 0.000000e+00
1.768987e-01 8.826690e-01 0.000000e+00
2.702649e-01 -1.302186e-01 0.000000e+00
3.269295e-01 -3.761171e-01 0.000000e+00
1.991839e-01 7.123656e-01 0.000000e+00
1.866837e-01 9.677746e-01 0.000000e+00
2.434231e-01 3.402468e-01 0.000000e+00
3.832403e-01 -8.397928e-01 0.000000e+00
1.985891e-01 7.496842e-01 0.000000e+00
3.615263e-01 -6.387936e-01 0.000000e+00
2.664933e-01 1.377723e-01 0.000000e+00
2.851041e-01 1.809036e-01 0.000000e+00
1.829182e-01 9.285673e-01 0.000000e+00
2.622167e-01 2.828598e-01 0.000000e+00
1.936350e-01 7.805762e-01 0.000000e+00
2.425204e-01 4.763383e-01 0.000000e+00
4.064020e-01 -9.599406e-01 0.000000e+00
3.832667e-01 -7.597724e-01 0.000000e+00
3.337279e-01 -3.257308e-01 0.000000e+00
3.515244e-01 -5.189676e-01 0.000000e+00
2.393934e-01 5.199266e-01 0.000000e+00
2.531078e-01 4.301508e-01 0.000000e+00
2.118269e-01 1.000000e+00 0.000000e+00
3.571380e-01 -4.837131e-01 0.000000e+00
3.677221e-01 -5.544051e-01 0.000000e+00
2.048154e-01 8.118900e-01 0.000000e+00
3.208682e-01 -1.303500e-01 0.000000e+00
2.387036e-01 5.634811e-01 0.000000e+00
2.870700e-01 -8.712531e-02 0.000000e+00
4.063827e-01 -8.798258e-01 0.000000e+00
3.838207e-01 -6.797908e-01 0.000000e+00
3.600554e-01 -4.443813e-01 0.000000e+00
2.386385e-01 6.076647e-01 0.000000e+00
3.403887e-01 -2.729278e-01 0.000000e+00
3.350174e-01 -1.873410e-01 0.000000e+00
2.845072e-01 9.516076e-02 0.000000e+00
3.095900e-01 1.327256e-01 0.000000e+00
2.131906e-01 8.544870e-01 0.000000e+00
3.640880e-01 -4.029201e-01 0.000000e+00
2.388071e-01 6.509315e-01 0.000000e+00
4.063605e-01 -7.997371e-01 0.000000e+00
2.706746e-01 3.810979e-01 0.000000e+00
3.872073e-01 -5.979088e-01 0.000000e+00
4.295355e-01 -1.000000e+00 0.000000e+00
2.391694e-01 6.918804e-01 0.000000e+00
2.970516e-01 -4.195626e-02 0.000000e+00
3.297673e-01 -7.262727e-02 0.000000e+00
4.295264e-01 -9.198736e-01 0.000000e+00
4.065138e-01 -7.197942e-01 0.000000e+00
2.212154e-01 9.011709e-01 0.000000e+00
2.392906e-01 7.313713e-01 0.000000e+00
3.697960e-01 -3.559862e-01 0.000000e+00
2.998320e-01 2.331054e-01 0.000000e+00
2.904256e-01 3.316657e-01 0.000000e+00
2.957556e-01 5.028499e-02 0.000000e+00
3.253427e-01 8.193883e-02 0.000000e+00
2.364808e-01 7.762155e-01 0.000000e+00
3.478183e-01 -2.285691e-01 0.000000e+00
2.303085e-01 9.536792e-01 0.000000e+00
4.294999e-01 -8.397564e-01 0.000000e+00
4.080425e-01 -6.397537e-01 0.000000e+00
2.999704e-01 4.213601e-03 0.000000e+00
3.349252e-01 -2.096838e-02 0.000000e+00
2.796994e-01 5.017314e-01 0.000000e+00
2.860580e-01 4.622197e-01 0.000000e+00
3.338742e-01 3.067835e-02 0.000000e+00
3.951951e-01 -5.117572e-01 0.000000e+00
2.788254e-01 5.424902e-01 0.000000e+00
3.759246e-01 -3.036947e-01 0.000000e+00
4.526682e-01 -9.599321e-01 0.000000e+00
4.295060e-01 -7.597016e-01 0.000000e+00
3.973660e-01 -4.670660e-01 0.000000e+00
3.703940e-01 -1.518666e-01 0.000000e+00
2.581114e-01 1.000000e+00 0.000000e+00
2.998385e-01 4.190910e-01 0.000000e+00
2.787016e-01 5.856605e-01 0.000000e+00
2.485928e-01 8.238479e-01 0.000000e+00
4.147012e-01 -5.578014e-01 0.000000e+00
3.152967e-01 2.854420e-01 0.000000e+00
4.015102e-01 -4.276579e-01 0.000000e+00
3.667896e-01 -1.025416e-01 0.000000e+00
2.787979e-01 6.291002e-01 0.000000e+00
4.526487e-01 -8.797999e-01 0.000000e+00
4.300233e-01 -6.799281e-01 0.000000e+00
3.804264e-01 -2.509224e-01 0.000000e+00
3.791541e-01 -2.006755e-01 0.000000e+00
2.791381e-01 6.708038e-01 0.000000e+00
3.384355e-01 1.820208e-01 0.000000e+00
2.573991e-01 8.701927e-01 0.000000e+00
4.065930e-01 -3.842888e-01 0.000000e+00
3.172811e-01 3.730498e-01 0.000000e+00
4.526210e-01 -7.996878e-01 0.000000e+00
2.798553e-01 7.102370e-01 0.000000e+00
4.336120e-01 -6.002089e-01 0.000000e+00
4.758066e-01 -1.000000e+00 0.000000e+00
2.811417e-01 7.501494e-01 0.000000e+00
3.716734e-01 -5.036257e-02 0.000000e+00
4.757975e-01 -9.198566e-01 0.000000e+00
4.527310e-01 -7.197296e-01 0.000000e+00
3.561613e-01 1.198059e-01 0.000000e+00
3.471248e-01 2.428048e-01 0.000000e+00
3.373338e-01 3.298377e-01 0.000000e+00
4.124529e-01 -3.343680e-01 0.000000e+00
2.676678e-01 9.161927e-01 0.000000e+00
3.143037e-01 4.874500e-01 0.000000e+00
2.836771e-01 9.597730e-01 0.000000e+00
2.855803e-01 7.938048e-01 0.000000e+00
3.745496e-01 5.677916e-03 0.000000e+00
3.181152e-01 5.221266e-01 0.000000e+00
3.693617e-01 6.323755e-02 0.000000e+00
4.757699e-01 -8.397209e-01 0.000000e+00
4.541594e-01 -6.404042e-01 0.000000e+00
3.295490e-01 4.543103e-01 0.000000e+00
4.294076e-01 -4.861639e-01 0.000000e+00
4.434509e-01 -5.204825e-01 0.000000e+00
3.187086e-01 5.641376e-01 0.000000e+00
4.372980e-01 -4.524211e-01 0.000000e+00
4.015344e-01 -1.241363e-01 0.000000e+00
4.176842e-01 -2.799560e-01 0.000000e+00
4.989442e-01 -9.599236e-01 0.000000e+00
4.757604e-01 -7.596359e-01 0.000000e+00
3.188205e-01 6.072823e-01 0.000000e+00
4.217820e-01 -1.668652e-01 0.000000e+00
2.932133e-01 8.396902e-01 0.000000e+00
3.044057e-01 1.000000e+00 0.000000e+00
3.456089e-01 4.111484e-01 0.000000e+00
4.608246e-01 -5.616360e-01 0.000000e+00
4.435571e-01 -4.113600e-01 0.000000e+00
3.617440e-01 2.903985e-01 0.000000e+00
4.207805e-01 -2.250962e-01 0.000000e+00
3.190626e-01 6.495344e-01 0.000000e+00
4.989245e-01 -8.797742e-01 0.000000e+00
4.078301e-01 -8.103103e-02 0.000000e+00
4.761754e-01 -6.799357e-01 0.000000e+00
3.197020e-01 6.894208e-01 0.000000e+00
3.841123e-01 2.085886e-01 0.000000e+00
3.900837e-01 1.570461e-01 0.000000e+00
3.211652e-01 7.277205e-01 0.000000e+00
3.021373e-01 8.841752e-01 0.000000e+00
3.630072e-01 3.690022e-01 0.000000e+00
4.492675e-01 -3.642664e-01 0.000000e+00
4.988932e-01 -7.996405e-01 0.000000e+00
4.794158e-01 -6.016153e-01 0.000000e+00
3.243251e-01 7.676603e-01 0.000000e+00
5.220875e-01 -1.000000e+00 0.000000e+00
4.142034e-01 -2.639858e-02 0.000000e+00
4.035687e-01 1.020802e-01 0.000000e+00
5.220784e-01 -9.198395e-01 0.000000e+00
4.989598e-01 -7.196445e-01 0.000000e+00
3.575540e-01 4.947146e-01 0.000000e+00
4.203714e-01 3.925335e-02 0.000000e+00
3.906618e-01 2.544916e-01 0.000000e+00
4.549567e-01 -3.111954e-01 0.000000e+00
3.826751e-01 3.310473e-01 0.000000e+00
3.587467e-01 5.424761e-01 0.000000e+00
4.673074e-01 -4.832175e-01 0.000000e+00
3.132045e-01 9.251342e-01 0.000000e+00
3.298407e-01 8.108478e-01 0.000000e+00
3.295087e-01 9.625801e-01 0.000000e+00
5.220502e-01 -8.396859e-01 0.000000e+00
3.750130e-01 4.480946e-01 0.000000e+00
5.001110e-01 -6.405679e-01 0.000000e+00
3.588931e-01 5.856588e-01 0.000000e+00
4.886573e-01 -5.228280e-01 0.000000e+00
4.799179e-01 -4.405236e-01 0.000000e+00
4.599230e-01 -2.559007e-01 0.000000e+00
3.590350e-01 6.281431e-01 0.000000e+00
4.406591e-01 -1.143091e-01 0.000000e+00
5.452300e-01 -9.599150e-01 0.000000e+00
5.220286e-01 -7.595713e-01 0.000000e+00
3.374335e-01 8.546483e-01 0.000000e+00
3.594764e-01 6.687337e-01 0.000000e+00
3.908854e-01 4.057914e-01 0.000000e+00
3.507097e-01 1.000000e+00 0.000000e+00
4.862915e-01 -3.935451e-01 0.000000e+00
5.059214e-01 -5.636739e-01 0.000000e+00
4.649892e-01 -2.021364e-01 0.000000e+00
3.605699e-01 7.068695e-01 0.000000e+00
4.262188e-01 1.876752e-01 0.000000e+00
4.062816e-01 2.955464e-01 0.000000e+00
5.452103e-01 -8.797485e-01 0.000000e+00
4.505691e-01 -6.227720e-02 0.000000e+00
5.223199e-01 -6.798195e-01 0.000000e+00
3.629240e-01 7.445357e-01 0.000000e+00
4.185313e-01 2.262994e-01 0.000000e+00
4.365565e-01 1.404499e-01 0.000000e+00
4.078195e-01 3.678706e-01 0.000000e+00
3.463411e-01 8.963514e-01 0.000000e+00
4.919824e-01 -3.423484e-01 0.000000e+00
5.451764e-01 -7.995946e-01 0.000000e+00
5.247701e-01 -6.019534e-01 0.000000e+00
4.590790e-01 -6.980386e-03 0.000000e+00
3.672089e-01 7.845232e-01 0.000000e+00
4.511016e-01 9.108023e-02 0.000000e+00
5.683783e-01 -1.000000e+00 0.000000e+00
4.740798e-01 -1.497993e-01 0.000000e+00
3.992355e-01 5.228097e-01 0.000000e+00
4.062033e-01 4.818787e-01 0.000000e+00
5.683692e-01 -9.198225e-01 0.000000e+00
5.452048e-01 -7.195473e-01 0.000000e+00
3.989192e-01 5.644076e-01 0.000000e+00
4.975034e-01 -2.876075e-01 0.000000e+00
5.180058e-01 -4.778397e-01 0.000000e+00
4.265602e-01 3.334997e-01 0.000000e+00
4.334561e-01 2.606180e-01 0.000000e+00
3.513690e-01 9.313632e-01 0.000000e+00
3.736650e-01 8.266275e-01 0.000000e+00
3.990648e-01 6.066729e-01 0.000000e+00
3.739076e-01 9.606160e-01 0.000000e+00
4.200509e-01 4.409746e-01 0.000000e+00
5.334541e-01 -5.265725e-01 0.000000e+00
5.683405e-01 -8.396513e-01 0.000000e+00
5.459851e-01 -6.403256e-01 0.000000e+00
5.239369e-01 -4.235647e-01 0.000000e+00
3.993473e-01 6.479133e-01 0.000000e+00
5.030833e-01 -2.340533e-01 0.000000e+00
4.853103e-01 -9.737183e-02 0.000000e+00
4.734732e-01 4.526365e-02 0.000000e+00
4.000911e-01 6.866037e-01 0.000000e+00
5.915257e-01 -9.599065e-01 0.000000e+00
5.683100e-01 -7.595088e-01 0.000000e+00
3.816061e-01 8.685523e-01 0.000000e+00
4.345727e-01 4.023802e-01 0.000000e+00
5.495313e-01 -5.645768e-01 0.000000e+00
5.291628e-01 -3.728595e-01 0.000000e+00
4.017645e-01 7.233304e-01 0.000000e+00
3.970237e-01 1.000000e+00 0.000000e+00
4.622365e-01 2.200550e-01 0.000000e+00
4.711951e-01 1.723011e-01 0.000000e+00
5.103753e-01 -1.831310e-01 0.000000e+00
4.497681e-01 3.006583e-01 0.000000e+00
5.915059e-01 -8.797229e-01 0.000000e+00
5.684811e-01 -6.796337e-01 0.000000e+00
4.050432e-01 7.606787e-01 0.000000e+00
4.945284e-01 -4.458601e-02 0.000000e+00
4.519704e-01 3.676376e-01 0.000000e+00
3.921814e-01 9.145249e-01 0.000000e+00
4.820914e-01 1.286128e-01 0.000000e+00
5.346562e-01 -3.192624e-01 0.000000e+00
5.914703e-01 -7.995496e-01 0.000000e+00
5.698164e-01 -6.011616e-01 0.000000e+00
4.333869e-01 5.076191e-01 0.000000e+00
5.044112e-01 6.396149e-03 0.000000e+00
4.959748e-01 8.745105e-02 0.000000e+00
4.372153e-01 5.424429e-01 0.000000e+00
4.105016e-01 8.003232e-01 0.000000e+00
6.146789e-01 -1.000000e+00 0.000000e+00
5.198812e-01 -1.317320e-01 0.000000e+00
4.483846e-01 4.750782e-01 0.000000e+00
4.389154e-01 5.844587e-01 0.000000e+00
5.659836e-01 -4.955703e-01 0.000000e+00
5.630211e-01 -4.507726e-01 0.000000e+00
6.146697e-01 -9.198055e-01 0.000000e+00
5.914685e-01 -7.194498e-01 0.000000e+00
5.402421e-01 -2.653490e-01 0.000000e+00
4.781635e-01 2.662043e-01 0.000000e+00
4.651445e-01 3.359763e-01 0.000000e+00
4.393182e-01 6.266875e-01 0.000000e+00
4.177864e-01 8.415169e-01 0.000000e+00
4.627070e-01 4.352918e-01 0.000000e+00
5.707771e-01 -5.323206e-01 0.000000e+00
4.204202e-01 9.569704e-01 0.000000e+00
4.398055e-01 6.663930e-01 0.000000e+00
5.668580e-01 -4.024292e-01 0.000000e+00
6.146408e-01 -8.396168e-01 0.000000e+00
5.918870e-01 -6.398398e-01 0.000000e+00
5.466306e-01 -2.145502e-01 0.000000e+00
5.181748e-01 5.092486e-02 0.000000e+00
4.409295e-01 7.032432e-01 0.000000e+00
5.295857e-01 -7.921611e-02 0.000000e+00
5.013902e-01 1.967197e-01 0.000000e+00
4.724076e-01 3.991045e-01 0.000000e+00
6.378312e-01 -9.598980e-01 0.000000e+00
4.431980e-01 7.389726e-01 0.000000e+00
6.146040e-01 -7.594490e-01 0.000000e+00
5.924089e-01 -5.614402e-01 0.000000e+00
5.212031e-01 1.581145e-01 0.000000e+00
5.718707e-01 -3.504221e-01 0.000000e+00
4.433474e-01 1.000000e+00 0.000000e+00
4.932194e-01 3.101033e-01 0.000000e+00
5.387799e-01 -2.805270e-02 0.000000e+00
5.548456e-01 -1.647406e-01 0.000000e+00
4.211574e-01 8.789771e-01 0.000000e+00
5.100810e-01 2.327909e-01 0.000000e+00
4.475142e-01 7.759949e-01 0.000000e+00
6.378113e-01 -8.796973e-01 0.000000e+00
6.146811e-01 -6.794400e-01 0.000000e+00
5.189770e-01 1.175660e-01 0.000000e+00
5.049483e-01 3.655774e-01 0.000000e+00
4.694450e-01 5.131050e-01 0.000000e+00
5.773284e-01 -2.966267e-01 0.000000e+00
4.781027e-01 5.581849e-01 0.000000e+00
6.377747e-01 -7.995055e-01 0.000000e+00
6.151563e-01 -5.997380e-01 0.000000e+00
4.541531e-01 8.153842e-01 0.000000e+00
5.489968e-01 1.907744e-02 0.000000e+00
5.977084e-01 -4.718596e-01 0.000000e+00
5.375331e-01 8.740206e-02 0.000000e+00
4.794128e-01 6.040686e-01 0.000000e+00
4.913984e-01 4.716219e-01 0.000000e+00
6.609893e-01 -1.000000e+00 0.000000e+00
6.102399e-01 -5.142526e-01 0.000000e+00
6.045690e-01 -4.314042e-01 0.000000e+00
5.642933e-01 -1.130294e-01 0.000000e+00
5.832007e-01 -2.451175e-01 0.000000e+00
4.797157e-01 6.457817e-01 0.000000e+00
6.609801e-01 -9.197884e-01 0.000000e+00
6.377520e-01 -7.193607e-01 0.000000e+00
5.236042e-01 2.745216e-01 0.000000e+00
4.444479e-01 9.120144e-01 0.000000e+00
4.804351e-01 6.836814e-01 0.000000e+00
5.037829e-01 4.237574e-01 0.000000e+00
4.642726e-01 8.621499e-01 0.000000e+00
4.681990e-01 9.550303e-01 0.000000e+00
6.094029e-01 -3.810102e-01 0.000000e+00
4.817633e-01 7.191816e-01 0.000000e+00
6.609510e-01 -8.395826e-01 0.000000e+00
6.379433e-01 -6.393967e-01 0.000000e+00
5.903167e-01 -1.961966e-01 0.000000e+00
5.736711e-01 -6.134697e-02 0.000000e+00
5.415784e-01 2.005103e-01 0.000000e+00
5.560686e-01 5.653737e-02 0.000000e+00
4.838667e-01 7.541386e-01 0.000000e+00
6.841465e-01 -9.598895e-01 0.000000e+00
6.609103e-01 -7.593920e-01 0.000000e+00
6.377229e-01 -5.579606e-01 0.000000e+00
6.145278e-01 -3.278332e-01 0.000000e+00
4.896810e-01 1.000000e+00 0.000000e+00
5.394029e-01 3.187770e-01 0.000000e+00
5.840201e-01 -1.273898e-02 0.000000e+00
4.893845e-01 7.905279e-01 0.000000e+00
5.565763e-01 1.235377e-01 0.000000e+00
5.990129e-01 -1.461381e-01 0.000000e+00
5.548862e-01 2.408096e-01 0.000000e+00
6.841267e-01 -8.796718e-01 0.000000e+00
5.194202e-01 5.201914e-01 0.000000e+00
6.609312e-01 -6.792879e-01 0.000000e+00
5.202617e-01 5.783354e-01 0.000000e+00
6.200843e-01 -2.755670e-01 0.000000e+00
6.425177e-01 -4.670241e-01 0.000000e+00
5.199397e-01 6.241758e-01 0.000000e+00
6.840894e-01 -7.994619e-01 0.000000e+00
5.802746e-01 8.574552e-02 0.000000e+00
6.611778e-01 -5.989472e-01 0.000000e+00
5.970770e-01 3.791216e-02 0.000000e+00
5.368905e-01 4.615867e-01 0.000000e+00
5.478637e-01 4.084765e-01 0.000000e+00
5.202430e-01 6.640181e-01 0.000000e+00
7.073095e-01 -1.000000e+00 0.000000e+00
5.724260e-01 1.650065e-01 0.000000e+00
6.476000e-01 -4.117096e-01 0.000000e+00
6.264104e-01 -2.264911e-01 0.000000e+00
6.081866e-01 -9.456599e-02 0.000000e+00
4.932759e-01 8.260988e-01 0.000000e+00
6.617934e-01 -5.158990e-01 0.000000e+00
7.073004e-01 -9.197714e-01 0.000000e+00
5.211903e-01 7.007285e-01 0.000000e+00
6.840542e-01 -7.192831e-01 0.000000e+00
5.688950e-01 2.820233e-01 0.000000e+00
5.620131e-01 3.611984e-01 0.000000e+00
4.929728e-01 9.072842e-01 0.000000e+00
5.213136e-01 7.365251e-01 0.000000e+00
5.154048e-01 9.533100e-01 0.000000e+00
6.520582e-01 -3.587442e-01 0.000000e+00
7.072714e-01 -8.395483e-01 0.000000e+00
6.841584e-01 -6.391681e-01 0.000000e+00
6.341659e-01 -1.780472e-01 0.000000e+00
6.170011e-01 -4.640057e-02 0.000000e+00
5.869372e-01 2.074861e-01 0.000000e+00
5.184153e-01 7.690283e-01 0.000000e+00
7.304715e-01 -9.598809e-01 0.000000e+00
7.072281e-01 -7.593374e-01 0.000000e+00
6.845927e-01 -5.578901e-01 0.000000e+00
6.572038e-01 -3.061232e-01 0.000000e+00
5.360244e-01 1.000000e+00 0.000000e+00
5.169559e-01 8.594844e-01 0.000000e+00
6.031317e-01 1.260417e-01 0.000000e+00
5.636019e-01 5.532416e-01 0.000000e+00
5.851250e-01 3.235147e-01 0.000000e+00
5.342895e-01 8.082123e-01 0.000000e+00
5.713729e-01 4.993751e-01 0.000000e+00
5.997907e-01 2.485725e-01 0.000000e+00
6.430013e-01 -1.274457e-01 0.000000e+00
7.304524e-01 -8.796461e-01 0.000000e+00
5.608982e-01 6.018450e-01 0.000000e+00
7.072208e-01 -6.791818e-01 0.000000e+00
6.630003e-01 -2.562635e-01 0.000000e+00
6.875490e-01 -4.395448e-01 0.000000e+00
6.299163e-01 -3.931102e-03 0.000000e+00
6.862247e-01 -4.817422e-01 0.000000e+00
5.601866e-01 6.438114e-01 0.000000e+00
5.824652e-01 4.453673e-01 0.000000e+00
7.304150e-01 -7.994187e-01 0.000000e+00
5.924882e-01 3.964568e-01 0.000000e+00
7.074808e-01 -5.988361e-01 0.000000e+00
5.609875e-01 6.819443e-01 0.000000e+00
6.279136e-01 8.188340e-02 0.000000e+00
6.902705e-01 -3.885629e-01 0.000000e+00
6.198145e-01 1.710907e-01 0.000000e+00
7.536396e-01 -1.000000e+00 0.000000e+00
6.698869e-01 -2.086523e-01 0.000000e+00
5.623689e-01 7.208465e-01 0.000000e+00
6.511343e-01 -7.728210e-02 0.000000e+00
7.536311e-01 -9.197539e-01 0.000000e+00
7.303721e-01 -7.192138e-01 0.000000e+00
6.136974e-01 2.904282e-01 0.000000e+00
7.081166e-01 -5.165047e-01 0.000000e+00
6.003174e-01 3.587509e-01 0.000000e+00
5.568175e-01 7.629113e-01 0.000000e+00
5.412948e-01 9.042983e-01 0.000000e+00
6.946275e-01 -3.365348e-01 0.000000e+00
5.622931e-01 9.520765e-01 0.000000e+00
7.536051e-01 -8.395139e-01 0.000000e+00
6.511287e-01 3.664738e-02 0.000000e+00
7.304404e-01 -6.390645e-01 0.000000e+00
6.781723e-01 -1.598799e-01 0.000000e+00
6.320601e-01 2.151757e-01 0.000000e+00
6.541369e-01 -3.687947e-02 0.000000e+00
6.999412e-01 -2.859662e-01 0.000000e+00
7.768048e-01 -9.598717e-01 0.000000e+00
7.535590e-01 -7.592845e-01 0.000000e+00
6.082796e-01 5.320288e-01 0.000000e+00
7.309640e-01 -5.580025e-01 0.000000e+00
6.028771e-01 5.802860e-01 0.000000e+00
5.823777e-01 1.000000e+00 0.000000e+00
6.563821e-01 1.282186e-01 0.000000e+00
6.169184e-01 4.802264e-01 0.000000e+00
5.652581e-01 8.539763e-01 0.000000e+00
6.274955e-01 3.345005e-01 0.000000e+00
6.004978e-01 6.235765e-01 0.000000e+00
7.300188e-01 -4.690012e-01 0.000000e+00
6.446439e-01 2.572052e-01 0.000000e+00
7.767960e-01 -8.796191e-01 0.000000e+00
6.871794e-01 -1.091987e-01 0.000000e+00
7.535344e-01 -6.790972e-01 0.000000e+00
5.995870e-01 6.622278e-01 0.000000e+00
7.061317e-01 -2.382681e-01 0.000000e+00
6.261503e-01 4.288137e-01 0.000000e+00
7.289050e-01 -4.164307e-01 0.000000e+00
6.753481e-01 -6.166960e-03 0.000000e+00
6.023717e-01 7.002609e-01 0.000000e+00
6.321972e-01 3.805676e-01 0.000000e+00
7.767606e-01 -7.993756e-01 0.000000e+00
7.537732e-01 -5.988309e-01 0.000000e+00
5.874137e-01 8.034864e-01 0.000000e+00
6.761159e-01 7.743526e-02 0.000000e+00
6.088007e-01 7.501500e-01 0.000000e+00
7.324357e-01 -3.663584e-01 0.000000e+00
6.656716e-01 1.804246e-01 0.000000e+00
7.999795e-01 -1.000000e+00 0.000000e+00
7.136099e-01 -1.911843e-01 0.000000e+00
6.957089e-01 -5.512780e-02 0.000000e+00
7.999787e-01 -9.197321e-01 0.000000e+00
7.767085e-01 -7.191492e-01 0.000000e+00
6.586765e-01 3.020544e-01 0.000000e+00
7.547546e-01 -5.160044e-01 0.000000e+00
5.885707e-01 9.019289e-01 0.000000e+00
7.371966e-01 -3.157147e-01 0.000000e+00
6.088680e-01 9.513323e-01 0.000000e+00
7.999858e-01 -8.394766e-01 0.000000e+00
6.766195e-01 2.239118e-01 0.000000e+00
6.987996e-01 3.340898e-02 0.000000e+00
7.767453e-01 -6.389856e-01 0.000000e+00
7.224298e-01 -1.428554e-01 0.000000e+00
6.455687e-01 5.603617e-01 0.000000e+00
6.523237e-01 5.125826e-01 0.000000e+00
6.416621e-01 6.040106e-01 0.000000e+00
7.428138e-01 -2.673990e-01 0.000000e+00
8.231350e-01 -9.598585e-01 0.000000e+00
7.999224e-01 -7.592349e-01 0.000000e+00
7.773785e-01 -5.583098e-01 0.000000e+00
6.743979e-01 3.551896e-01 0.000000e+00
6.390992e-01 6.444942e-01 0.000000e+00
6.608998e-01 4.619089e-01 0.000000e+00
7.638084e-01 -4.377683e-01 0.000000e+00
6.287408e-01 1.000000e+00 0.000000e+00
6.985578e-01 1.106129e-01 0.000000e+00
7.004475e-01 1.494902e-01 0.000000e+00
6.133774e-01 8.512353e-01 0.000000e+00
6.336155e-01 6.779845e-01 0.000000e+00
6.686464e-01 4.106966e-01 0.000000e+00
7.218394e-01 -1.072462e-02 0.000000e+00
6.895158e-01 2.671862e-01 0.000000e+00
7.326812e-01 -9.511442e-02 0.000000e+00
8.232186e-01 -8.795817e-01 0.000000e+00
7.494932e-01 -2.210739e-01 0.000000e+00
7.998767e-01 -6.790187e-01 0.000000e+00
7.702133e-01 -3.957639e-01 0.000000e+00
7.809480e-01 -4.752540e-01 0.000000e+00
6.470385e-01 7.123515e-01 0.000000e+00
8.231989e-01 -7.993304e-01 0.000000e+00
8.000824e-01 -5.988642e-01 0.000000e+00
7.085341e-01 1.912918e-01 0.000000e+00
7.216546e-01 7.552827e-02 0.000000e+00
6.369740e-01 8.018920e-01 0.000000e+00
7.748286e-01 -3.455763e-01 0.000000e+00
8.463292e-01 -1.000000e+00 0.000000e+00
7.575051e-01 -1.745319e-01 0.000000e+00
8.463914e-01 -9.196810e-01 0.000000e+00
8.231052e-01 -7.190926e-01 0.000000e+00
8.017957e-01 -5.179004e-01 0.000000e+00
7.035015e-01 3.133782e-01 0.000000e+00
7.477259e-01 -5.128396e-02 0.000000e+00
7.798888e-01 -2.964685e-01 0.000000e+00
6.352382e-01 9.008124e-01 0.000000e+00
6.551630e-01 9.512463e-01 0.000000e+00
6.886249e-01 5.417853e-01 0.000000e+00
7.208770e-01 2.331191e-01 0.000000e+00
6.834311e-01 5.852511e-01 0.000000e+00
8.466515e-01 -8.394171e-01 0.000000e+00
8.230844e-01 -6.389112e-01 0.000000e+00
7.459749e-01 3.167731e-02 0.000000e+00
6.960946e-01 4.941018e-01 0.000000e+00
6.806178e-01 6.263403e-01 0.000000e+00
7.668693e-01 -1.284471e-01 0.000000e+00
6.638542e-01 7.579689e-01 0.000000e+00
7.858739e-01 -2.500299e-01 0.000000e+00
7.351750e-01 1.215361e-01 0.000000e+00
7.107861e-01 3.937929e-01 0.000000e+00
6.778380e-01 6.724751e-01 0.000000e+00
7.041262e-01 4.437800e-01 0.000000e+00
8.085928e-01 -4.309355e-01 0.000000e+00
8.693693e-01 -9.598419e-01 0.000000e+00
8.464422e-01 -7.592073e-01 0.000000e+00
8.237566e-01 -5.588089e-01 0.000000e+00
6.602647e-01 8.506327e-01 0.000000e+00
6.751137e-01 1.000000e+00 0.000000e+00
7.353702e-01 1.620321e-01 0.000000e+00
7.174790e-01 3.530181e-01 0.000000e+00
7.684296e-01 -1.079151e-02 0.000000e+00
8.131341e-01 -3.760047e-01 0.000000e+00
7.783112e-01 -8.549529e-02 0.000000e+00
7.930364e-01 -2.046141e-01 0.000000e+00
8.700345e-01 -8.794964e-01 0.000000e+00
7.342304e-01 2.789551e-01 0.000000e+00
8.463305e-01 -6.789373e-01 0.000000e+00
8.271146e-01 -4.783500e-01 0.000000e+00
7.511200e-01 1.971480e-01 0.000000e+00
8.700789e-01 -7.992560e-01 0.000000e+00
8.463920e-01 -5.989186e-01 0.000000e+00
8.174615e-01 -3.256834e-01 0.000000e+00
6.848848e-01 8.044858e-01 0.000000e+00
6.945618e-01 7.195199e-01 0.000000e+00
7.729084e-01 8.181683e-02 0.000000e+00
8.926888e-01 -1.000000e+00 0.000000e+00
8.014337e-01 -1.593926e-01 0.000000e+00
8.931067e-01 -9.194725e-01 0.000000e+00
8.697893e-01 -7.190795e-01 0.000000e+00
8.480114e-01 -5.189922e-01 0.000000e+00
7.255477e-01 5.678122e-01 0.000000e+00
8.227633e-01 -2.785580e-01 0.000000e+00
7.927035e-01 -4.622286e-02 0.000000e+00
7.459116e-01 3.270375e-01 0.000000e+00
7.319277e-01 5.240077e-01 0.000000e+00
7.209964e-01 6.069855e-01 0.000000e+00
6.812826e-01 9.010487e-01 0.000000e+00
7.011593e-01 9.517120e-01 0.000000e+00
7.208520e-01 6.449367e-01 0.000000e+00
7.395447e-01 4.755982e-01 0.000000e+00
7.657375e-01 2.435767e-01 0.000000e+00
8.948031e-01 -8.392394e-01 0.000000e+00
8.695119e-01 -6.388295e-01 0.000000e+00
7.920283e-01 2.952827e-02 0.000000e+00
7.464027e-01 4.248508e-01 0.000000e+00
8.111561e-01 -1.160692e-01 0.000000e+00
7.500832e-01 3.753465e-01 0.000000e+00
7.776819e-01 1.486575e-01 0.000000e+00
8.291522e-01 -2.335664e-01 0.000000e+00
7.115436e-01 7.638269e-01 0.000000e+00
8.528955e-01 -4.037147e-01 0.000000e+00
8.513004e-01 -4.453537e-01 0.000000e+00
9.147768e-01 -9.600125e-01 0.000000e+00
8.935763e-01 -7.593213e-01 0.000000e+00
8.700510e-01 -5.592690e-01 0.000000e+00
7.281817e-01 6.855023e-01 0.000000e+00
7.062672e-01 8.519877e-01 0.000000e+00
7.214965e-01 1.000000e+00 0.000000e+00
8.224778e-01 -7.537428e-02 0.000000e+00
8.557068e-01 -3.544467e-01 0.000000e+00
8.124012e-01 -9.403524e-03 0.000000e+00
8.366352e-01 -1.891129e-01 0.000000e+00
9.178858e-01 -8.793751e-01 0.000000e+00
8.932894e-01 -6.787962e-01 0.000000e+00
7.794075e-01 2.944095e-01 0.000000e+00
8.723473e-01 -4.791378e-01 0.000000e+00
8.602912e-01 -3.069500e-01 0.000000e+00
7.966193e-01 2.047640e-01 0.000000e+00
9.180140e-01 -7.988998e-01 0.000000e+00
8.925572e-01 -5.991997e-01 0.000000e+00
7.310512e-01 8.080189e-01 0.000000e+00
8.163357e-01 6.405356e-02 0.000000e+00
7.411448e-01 7.275271e-01 0.000000e+00
8.201431e-01 1.100905e-01 0.000000e+00
8.450582e-01 -1.454949e-01 0.000000e+00
9.284592e-01 -1.000000e+00 0.000000e+00
7.683136e-01 5.514425e-01 0.000000e+00
7.618404e-01 5.919423e-01 0.000000e+00
7.874904e-01 3.487457e-01 0.000000e+00
7.532695e-01 6.241746e-01 0.000000e+00
7.753307e-01 5.060315e-01 0.000000e+00
9.415665e-01 -9.182636e-01 0.000000e+00
9.174673e-01 -7.192932e-01 0.000000e+00
8.944826e-01 -5.199473e-01 0.000000e+00
8.660662e-01 -2.618172e-01 0.000000e+00
8.304201e-01 -4.082515e-02 0.000000e+00
7.824800e-01 4.558459e-01 0.000000e+00
7.874280e-01 4.031320e-01 0.000000e+00
7.268230e-01 9.023015e-01 0.000000e+00
7.632073e-01 6.557338e-01 0.000000e+00
7.470206e-01 9.524103e-01 0.000000e+00
8.364872e-01 2.871486e-02 0.000000e+00
8.546344e-01 -1.035127e-01 0.000000e+00
9.498387e-01 -8.386268e-01 0.000000e+00
8.120437e-01 2.571310e-01 0.000000e+00
9.160174e-01 -6.386089e-01 0.000000e+00
8.947168e-01 -4.329255e-01 0.000000e+00
8.726920e-01 -2.178431e-01 0.000000e+00
9.640447e-01 -9.626564e-01 0.000000e+00
9.642296e-01 -1.000000e+00 0.000000e+00
8.938294e-01 -3.819249e-01 0.000000e+00
7.575040e-01 7.692944e-01 0.000000e+00
8.295545e-01 1.652748e-01 0.000000e+00
9.423113e-01 -7.603340e-01 0.000000e+00
9.163725e-01 -5.609659e-01 0.000000e+00
7.730972e-01 6.946539e-01 0.000000e+00
7.517081e-01 8.545598e-01 0.000000e+00
7.678891e-01 1.000000e+00 0.000000e+00
8.556572e-01 -1.202574e-02 0.000000e+00
8.982186e-01 -3.354749e-01 0.000000e+00
8.686095e-01 -5.865247e-02 0.000000e+00
8.798946e-01 -1.741922e-01 0.000000e+00
9.614183e-01 -8.808666e-01 0.000000e+00
9.421883e-01 -6.782012e-01 0.000000e+00
8.298585e-01 3.155890e-01 0.000000e+00
9.192984e-01 -4.796411e-01 0.000000e+00
8.607184e-01 7.586549e-02 0.000000e+00
9.042840e-01 -2.900266e-01 0.000000e+00
8.432880e-01 2.183748e-01 0.000000e+00
9.615190e-01 -7.961875e-01 0.000000e+00
9.371526e-01 -6.003600e-01 0.000000e+00
8.049820e-01 5.775933e-01 0.000000e+00
7.967560e-01 6.218160e-01 0.000000e+00
8.115990e-01 5.346820e-01 0.000000e+00
7.765790e-01 8.121840e-01 0.000000e+00
7.862684e-01 7.340630e-01 0.000000e+00
8.868245e-01 -1.314848e-01 0.000000e+00
8.186671e-01 4.867470e-01 0.000000e+00
8.282740e-01 3.775423e-01 0.000000e+00
8.648451e-01 1.302144e-01 0.000000e+00
8.248657e-01 4.338193e-01 0.000000e+00
9.104151e-01 -2.458684e-01 0.000000e+00
1.000000e+00 -9.536078e-01 0.000000e+00
9.665855e-01 -7.203852e-01 0.000000e+00
9.429141e-01 -5.240188e-01 0.000000e+00
7.722432e-01 9.040290e-01 0.000000e+00
1.000000e+00 -9.072156e-01 0.000000e+00
8.058119e-01 6.643378e-01 0.000000e+00
9.270491e-01 -4.034552e-01 0.000000e+00
8.825065e-01 2.741637e-02 0.000000e+00
7.928834e-01 9.531046e-01 0.000000e+00
1.000000e+00 -1.000000e+00 0.000000e+00
1.000000e+00 -8.608212e-01 0.000000e+00
9.615719e-01 -6.371284e-01 0.000000e+00
8.581892e-01 2.695399e-01 0.000000e+00
9.163640e-01 -2.020888e-01 0.000000e+00
9.456350e-01 -4.402307e-01 0.000000e+00
9.337774e-01 -3.651163e-01 0.000000e+00
1.000000e+00 -8.144255e-01 0.000000e+00
8.029102e-01 7.744650e-01 0.000000e+00
8.916233e-01 -9.422023e-02 0.000000e+00
8.758402e-01 1.815011e-01 0.000000e+00
1.000000e+00 -7.680287e-01 0.000000e+00
9.617162e-01 -5.669818e-01 0.000000e+00
8.160383e-01 7.014113e-01 0.000000e+00
7.969587e-01 8.577707e-01 0.000000e+00
8.142916e-01 1.000000e+00 0.000000e+00
9.432969e-01 -3.197621e-01 0.000000e+00
9.021142e-01 -1.921659e-02 0.000000e+00
9.218630e-01 -1.578783e-01 0.000000e+00
1.000000e+00 -6.752317e-01 0.000000e+00
8.697972e-01 3.546183e-01 0.000000e+00
9.676748e-01 -4.849696e-01 0.000000e+00
8.964334e-01 1.052191e-01 0.000000e+00
8.424938e-01 6.016109e-01 0.000000e+00
8.483356e-01 5.615757e-01 0.000000e+00
9.516012e-01 -2.741677e-01 0.000000e+00
8.551378e-01 5.166426e-01 0.000000e+00
8.738671e-01 3.108764e-01 0.000000e+00
9.107661e-01 6.755449e-02 0.000000e+00
8.671411e-01 4.097942e-01 0.000000e+00
8.621119e-01 4.654129e-01 0.000000e+00
9.727015e-01 -6.026267e-01 0.000000e+00
8.890201e-01 2.330596e-01 0.000000e+00
8.417103e-01 6.402048e-01 0.000000e+00
9.245168e-01 -1.128829e-01 0.000000e+00
9.180895e-01 -6.667211e-02 0.000000e+00
8.309191e-01 7.390586e-01 0.000000e+00
8.219473e-01 8.166729e-01 0.000000e+00
9.557669e-01 -2.294946e-01 0.000000e+00
9.090686e-01 1.466663e-01 0.000000e+00
1.000000e+00 -5.360275e-01 0.000000e+00
9.641031e-01 -4.002986e-01 0.000000e+00
8.176715e-01 9.057983e-01 0.000000e+00
8.417432e-01 6.738539e-01 0.000000e+00
9.302583e-01 2.219886e-02 0.000000e+00
1.000000e+00 -7.216308e-01 0.000000e+00
8.388775e-01 9.536371e-01 0.000000e+00
9.738575e-01 -3.552966e-01 0.000000e+00
9.592970e-01 -1.845799e-01 0.000000e+00
1.000000e+00 -4.432189e-01 0.000000e+00
9.027397e-01 2.832589e-01 0.000000e+00
1.000000e+00 -6.288314e-01 0.000000e+00
8.482491e-01 7.793343e-01 0.000000e+00
9.218694e-01 1.976470e-01 0.000000e+00
1.000000e+00 -5.824300e-01 0.000000e+00
8.587465e-01 7.039309e-01 0.000000e+00
8.423298e-01 8.611054e-01 0.000000e+00
1.000000e+00 -3.039974e-01 0.000000e+00
9.551389e-01 -3.194861e-02 0.000000e+00
8.607039e-01 1.000000e+00 0.000000e+00
9.101558e-01 3.329956e-01 0.000000e+00
9.616631e-01 -1.383681e-01 0.000000e+00
9.387280e-01 1.092551e-01 0.000000e+00
8.845228e-01 5.883141e-01 0.000000e+00
9.098391e-01 3.854733e-01 0.000000e+00
8.914685e-01 5.455050e-01 0.000000e+00
8.752862e-01 6.223721e-01 0.000000e+00
8.999142e-01 4.967981e-01 0.000000e+00
9.606069e-01 -8.936577e-02 0.000000e+00
9.069213e-01 4.418073e-01 0.000000e+00
1.000000e+00 -2.575879e-01 0.000000e+00
9.585923e-01 6.646635e-02 0.000000e+00
8.827890e-01 6.622352e-01 0.000000e+00
1.000000e+00 -4.896237e-01 0.000000e+00
9.338402e-01 2.496169e-01 0.000000e+00
8.674591e-01 8.212310e-01 0.000000e+00
8.757976e-01 7.432188e-01 0.000000e+00
1.000000e+00 -2.111772e-01 0.000000e+00
8.634893e-01 9.075045e-01 0.000000e+00
1.000000e+00 -3.968129e-01 0.000000e+00
9.609921e-01 1.628684e-01 0.000000e+00
9.738513e-01 2.017418e-02 0.000000e+00
8.850391e-01 9.545200e-01 0.000000e+00
9.528720e-01 3.049949e-01 0.000000e+00
1.000000e+00 -1.647655e-01 0.000000e+00
1.000000e+00 -3.504057e-01 0.000000e+00
8.935745e-01 7.841561e-01 0.000000e+00
9.538947e-01 3.622894e-01 0.000000e+00
9.036399e-01 7.064829e-01 0.000000e+00
8.880340e-01 8.647742e-01 0.000000e+00
1.000000e+00 -7.193843e-02 0.000000e+00
9.650502e-01 2.200537e-01 0.000000e+00
1.000000e+00 -1.183525e-01 0.000000e+00
9.270519e-01 5.742207e-01 0.000000e+00
9.195846e-01 6.232792e-01 0.000000e+00
9.071261e-01 1.000000e+00 0.000000e+00
9.344392e-01 5.281859e-01 0.000000e+00
9.531746e-01 4.157050e-01 0.000000e+00
1.000000e+00 1.137295e-01 0.000000e+00
9.516985e-01 4.751422e-01 0.000000e+00
1.000000e+00 -2.552318e-02 0.000000e+00
1.000000e+00 6.731078e-02 0.000000e+00
9.707981e-01 2.645185e-01 0.000000e+00
9.206959e-01 7.479861e-01 0.000000e+00
9.132920e-01 8.259648e-01 0.000000e+00
9.325165e-01 6.714981e-01 0.000000e+00
9.098554e-01 9.106017e-01 0.000000e+00
1.000000e+00 2.065704e-01 0.000000e+00
1.000000e+00 1.601493e-01 0.000000e+00
1.000000e+00 3.458403e-01 0.000000e+00
9.306409e-01 9.572722e-01 0.000000e+00
1.000000e+00 2.089322e-02 0.000000e+00
1.000000e+00 3.922660e-01 0.000000e+00
9.662937e-01 5.552741e-01 0.000000e+00
9.377264e-01 7.885856e-01 0.000000e+00
1.000000e+00 2.994159e-01 0.000000e+00
9.635567e-01 6.003651e-01 0.000000e+00
9.706031e-01 5.155749e-01 0.000000e+00
1.000000e+00 4.386927e-01 0.000000e+00
9.489323e-01 7.129072e-01 0.000000e+00
9.335411e-01 8.696301e-01 0.000000e+00
1.000000e+00 2.529925e-01 0.000000e+00
9.535582e-01 1.000000e+00 0.000000e+00
9.650123e-01 6.452240e-01 0.000000e+00
1.000000e+00 4.851207e-01 0.000000e+00
9.612274e-01 8.305274e-01 0.000000e+00
9.637605e-01 7.533444e-01 0.000000e+00
9.700336e-01 6.829835e-01 0.000000e+00
9.591090e-01 9.177301e-01 0.000000e+00
9.688882e-01 9.646883e-01 0.000000e+00
1.000000e+00 5.779800e-01 0.000000e+00
1.000000e+00 5.315498e-01 0.000000e+00
1.000000e+00 6.244114e-01 0.000000e+00
9.730090e-01 7.894571e-01 0.000000e+00
1.000000e+00 7.172777e-01 0.000000e+00
9.708409e-01 8.748007e-01 0.000000e+00
1.000000e+00 1.000000e+00 0.000000e+00
1.000000e+00 6.708440e-01 0.000000e+00
1.000000e+00 7.637125e-01 0.000000e+00
1.000000e+00 8.101486e-01 0.000000e+00
1.000000e+00 8.565857e-01 0.000000e+00
1.000000e+00 9.030241e-01 0.000000e+00
1.000000e+00 9.515120e-01 0.000000e+00
