4830.179632 
3246.848707 
4565.243526 
4107.271963 
3471.963572 
7767.980205 
11424.691657 
9237.933443 
9170.045481 
7437.613450 
9200.692834 
7289.394654 
9286.526847 
7328.972074 
9395.222708 
7405.492556 
9524.228469 
7501.322980 
6421.744791 
9673.212122 
7613.717538 
9843.432683 
7743.478854 
10035.640977 
7891.671195 
7443.877773 
10250.497578 
8058.919118 
6993.557374 
8666.576391 
10488.499157 
8245.816035 
7146.754302 
10749.359278 
8452.549591 
7218.384821 
11032.480877 
8678.868083 
7314.906758 
11336.625763 
8923.958795 
7421.240028 
11660.665767 
9185.471475 
7543.774942 
12012.534817 
9451.205093 
7685.631560 
12535.929977 
9694.811306 
8652.481057 
7848.265911 
14793.101998 
10080.749026 
6893.216314 
8032.509000 
16541.980469 
12793.690647 
6935.753549 
7112.558321 
8239.027476 
25179.907423 
15716.318375 
12187.004270 
7103.523278 
8467.853594 
7220.934147 
8718.965794 
7919.991877 
5121.651230 
7438.854045 
6338.434968 
5470.138404 
7336.442613 
8992.055804 
10717.631432 
12456.632669 
18484.211029 
15080.281005 
7469.874056 
9280.015098 
7492.321037 
15023.846102 
12310.859206 
7625.544836 
9516.045840 
15245.478889 
12243.099935 
6948.202913 
7804.739915 
9349.371025 
15512.285542 
12432.220705 
6126.916681 
8008.591445 
11794.293394 
15764.539447 
12641.989956 
6815.542866 
8237.787108 
11374.449216 
15993.121825 
12837.623791 
9244.546938 
7012.856309 
8492.574416 
7366.672251 
5837.162632 
10854.479664 
16195.009704 
13011.051140 
7124.163867 
8774.569695 
16370.046951 
13161.437728 
7246.159415 
9087.854448 
16518.774481 
13289.195354 
7392.087570 
9428.853365 
12620.274329 
16642.542808 
13395.344747 
8028.806921 
7563.621299 
9757.172954 
12084.851613 
16742.727984 
13481.115366 
14650.995342 
6846.700631 
7762.017275 
10424.951747 
12492.506259 
16820.871808 
13547.878909 
7882.332366 
6655.176343 
7988.732344 
12731.227004 
10625.642642 
16879.074996 
13597.456305 
6854.052789 
8244.471261 
12964.507959 
16919.235740 
13631.706215 
14586.212615 
6922.127626 
8531.068523 
9547.280706 
13160.500849 
16943.691047 
13650.865980 
7018.876462 
8243.321773 
8854.204948 
13326.776101 
16966.818006 
13642.653700 
7149.773478 
9221.408858 
13466.848693 
17179.458658 
13573.724146 
9698.607206 
7310.232716 
9600.650288 
15309.555862 
13582.248943 
19646.492392 
13656.752479 
7500.092467 
9869.284899 
12405.940348 
13674.401359 
8385.283197 
20970.068360 
16744.652203 
9106.643239 
7347.746572 
7721.013079 
12660.075031 
13745.046833 
12589.852806 
13212.224898 
31065.918834 
19522.694391 
6946.317501 
7974.508115 
15498.494981 
13065.224071 
13796.314144 
9154.742275 
6778.406324 
8262.417446 
12752.227541 
13320.059659 
13830.855740 
6800.691974 
8589.372072 
13508.343965 
7222.887470 
13852.240507 
6902.728547 
9654.281598 
8960.952578 
13662.690469 
13346.641013 
13856.526647 
8698.822618 
13176.866685 
7046.627706 
9346.315119 
13788.557582 
13757.158700 
7224.153005 
9579.680970 
12913.994433 
13887.897244 
13071.745380 
12759.070386 
7435.627139 
10620.348625 
10729.470064 
11616.469966 
13962.684388 
15787.918931 
7357.467768 
7683.053792 
10149.548554 
8476.809048 
13042.398792 
14015.444068 
14772.653700 
6710.805289 
7968.807682 
16237.958472 
13490.686961 
14049.261965 
13634.793864 
6608.807911 
7417.830708 
8296.466122 
9327.062893 
13711.961436 
14070.280303 
10034.714068 
6659.213133 
8669.985169 
13880.904942 
14091.879826 
6776.637971 
9066.222067 
14018.154426 
14119.010007 
9566.768518 
6936.587427 
9354.957373 
8775.475982 
14125.369599 
14725.961863 
14101.379190 
7134.248126 
9311.460875 
13519.139739 
8098.368643 
14204.621290 
14528.467021 
7371.094976 
11170.434505 
8336.716337 
15457.452147 
13294.319509 
14258.621909 
6324.660376 
7650.172795 
13993.757006 
9568.712450 
13788.677692 
14290.833907 
6416.615767 
8373.504714 
7975.134296 
19538.111593 
13969.085441 
14307.507566 
17486.156155 
6430.823026 
8349.282010 
14130.937082 
16005.523393 
14324.171521 
16165.281011 
9442.635123 
6507.545304 
8758.220803 
14275.985599 
14362.783093 
6641.150797 
9116.671129 
14391.222184 
14382.626014 
12565.189936 
9932.527357 
6819.354519 
9281.109219 
9361.486998 
14474.969417 
14195.823004 
9270.568837 
8175.986645 
7040.534461 
8653.570374 
16103.386595 
18913.159457 
15370.429579 
14529.867113 
7307.736444 
7180.752867 
9986.526381 
18102.438425 
14653.007046 
14559.692767 
6257.797080 
7625.177248 
18871.541048 
14386.926204 
14570.345058 
11122.520357 
6240.155095 
7996.636711 
19695.282918 
14441.456786 
14574.800971 
8160.880242 
6254.606280 
8414.314697 
12297.626332 
14571.753089 
18523.475524 
14592.542405 
6345.163476 
8824.834100 
17774.916592 
10603.750644 
14691.427340 
9346.053054 
14584.824989 
6495.196372 
9137.946610 
14779.211427 
14291.518058 
9362.943461 
6694.412082 
14829.606655 
11934.604067 
14834.393750 
15036.781331 
7518.146499 
23344.662279 
9099.099736 
6943.714057 
16266.472980 
14860.631221 
22198.044537 
7004.690415 
8371.219603 
17135.135618 
6241.014219 
7247.548973 
9104.631622 
15026.885896 
14863.885185 
6115.993578 
7610.989352 
14858.276949 
14854.738185 
20336.056179 
6043.512143 
8031.192906 
10124.897068 
14926.505062 
14849.132222 
13022.707321 
6063.073282 
8475.548699 
7892.005908 
15035.654364 
14822.603762 
14610.184546 
6168.858232 
8887.254224 
19336.608485 
15124.170467 
14569.680573 
16833.354345 
6337.409435 
9308.804189 
18993.031652 
8845.002767 
15178.185606 
13743.785579 
9918.841792 
6561.653946 
9868.805410 
15199.377938 
19403.188439 
9038.176273 
6844.745621 
9644.397711 
7433.167915 
15015.979096 
7691.332406 
15193.511298 
8814.283914 
6019.492954 
22318.470804 
7192.896181 
15339.724039 
7994.316432 
17933.796937 
15169.668674 
5904.051266 
7607.729480 
15374.840736 
15141.328143 
5820.997919 
8070.781548 
21945.811224 
15443.689946 
15098.164327 
9524.346422 
5853.761942 
21088.253544 
8542.153588 
15520.394398 
14912.238357 
7603.366303 
5976.868932 
9046.179409 
15569.293056 
12529.572742 
14347.076541 
20064.701828 
9780.373160 
6167.006999 
13296.277550 
13465.033578 
15582.849585 
19992.621383 
11120.033700 
8248.333257 
11162.807925 
6421.156918 
15565.324781 
18152.221637 
25128.531553 
6745.220837 
6749.372539 
7235.261470 
15993.350669 
15525.052444 
9532.651429 
5908.408057 
7144.780410 
8526.978034 
27809.470126 
15991.811431 
15473.503034 
7141.134797 
5666.500759 
7612.563197 
7594.749764 
18659.978191 
15960.489166 
15408.574660 
5574.428291 
8122.859412 
15988.329800 
15256.198195 
5625.104419 
8677.941219 
23337.375375 
8296.736711 
13792.157954 
16019.345371 
14870.540947 
5767.838276 
9345.176087 
14257.790237 
16020.293728 
7318.532277 
10239.892774 
5983.185588 
15040.629728 
10686.409082 
20840.172978 
15987.251196 
13306.570310 
6273.234927 
19022.139645 
20829.956510 
7603.928231 
17163.494811 
15927.263585 
14552.484139 
7603.228677 
24171.734835 
6645.932301 
6397.450621 
6160.295598 
16899.002606 
15850.765075 
5694.805578 
7103.106300 
16675.756166 
10124.067010 
15759.794910 
27278.304259 
8247.784074 
5366.582880 
7633.363704 
16573.522589 
15611.164830 
7224.899355 
19436.343726 
5301.576386 
8243.163109 
16549.167477 
15318.878436 
5375.848823 
8979.694651 
16524.271025 
21421.244062 
14940.949517 
23971.355461 
7189.625731 
5540.021144 
9545.560368 
14742.161266 
16469.356890 
5784.951462 
12255.970705 
7050.088286 
12357.720753 
16384.599842 
11814.437186 
22193.085690 
22567.554237 
6118.028054 
21772.724471 
14394.007932 
8735.590015 
18062.356334 
16279.317336 
5885.592189 
21651.780476 
6547.627928 
7167.033251 
8105.706307 
17726.612447 
16158.223517 
5219.236759 
7074.511488 
17371.062685 
15995.893859 
5023.286431 
7713.953907 
10947.778145 
28072.298490 
7259.553207 
17202.128692 
7981.832761 
15733.497133 
5007.078398 
8557.465975 
6910.918211 
20386.476869 
17115.555520 
15411.061642 
5103.869311 
9798.497134 
17024.937842 
15320.302088 
5291.256691 
17279.395257 
12052.301513 
24564.241572 
7305.401726 
16022.377712 
16907.395827 
5571.398732 
16767.010929 
22121.069699 
23406.317878 
6800.530015 
5955.759121 
6449.548432 
19438.900020 
11686.594749 
16610.159707 
15983.793996 
22980.697122 
16123.586638 
4805.386015 
6454.782859 
22661.866106 
18582.190937 
7941.636724 
16423.374576 
6866.763003 
22680.213632 
4767.677814 
7088.580663 
18071.976745 
16166.069093 
4678.977549 
7933.369084 
17834.051118 
15847.214710 
27049.103759 
11932.108516 
8223.612053 
4691.223443 
9110.660366 
7731.455737 
17674.396479 
15564.222862 
4806.459166 
10772.001729 
6624.215098 
21669.861585 
15480.703540 
17509.321016 
5019.860663 
17324.280633 
17525.282098 
16841.194638 
25252.186250 
6983.787895 
5341.593443 
20110.810062 
27598.544096 
17123.486810 
23209.002286 
22221.556183 
5788.316672 
5154.256916 
5515.689295 
20647.270093 
16901.390805 
6568.034382 
4585.463043 
6387.180533 
12151.480496 
16736.184351 
24653.076655 
19328.220146 
17520.869992 
16633.831390 
6371.993430 
4422.350323 
7210.930929 
6504.260762 
24210.279825 
18757.346988 
16336.871749 
4324.386559 
8368.236718 
18453.364443 
16082.091591 
4348.353905 
9493.664831 
26454.270671 
6920.722645 
13500.247015 
18210.343811 
15337.129664 
7499.084073 
4480.511046 
12762.820556 
17964.652499 
17249.317897 
6351.129418 
23611.667586 
4723.363889 
17707.980548 
34485.523414 
5094.037767 
18032.842329 
23592.471399 
17437.865487 
26991.634692 
6362.081095 
5721.381280 
32665.648284 
5623.951997 
4821.005008 
4881.016560 
21020.562922 
17140.317508 
4319.475757 
6393.897268 
6354.387900 
19985.200736 
16839.340745 
12790.292243 
29752.236546 
4032.990580 
16781.721867 
7567.248774 
29503.234739 
21066.109041 
19424.015525 
16701.055050 
3938.343522 
6152.796179 
26678.637035 
9335.606717 
19042.009589 
17031.848059 
3973.245074 
11739.219799 
18706.647288 
18596.686479 
30431.249282 
5809.750792 
4122.765030 
17540.166589 
18376.492829 
7287.788099 
4397.521136 
13244.030021 
6106.010075 
28160.717336 
18042.979027 
28912.411766 
4823.379391 
21855.652787 
6533.961255 
21856.749944 
17696.306677 
19572.167457 
4393.331920 
36353.922468 
5473.634161 
6121.490557 
5940.030661 
29900.572886 
21496.339960 
17350.752702 
3820.736493 
6577.347036 
20680.599631 
17129.659824 
6163.892019 
3595.157721 
8317.768012 
37335.847631 
18477.483720 
20059.544022 
5634.242380 
13291.013220 
17238.457339 
42194.215186 
22366.316460 
3519.798530 
11055.906948 
19578.143819 
18123.443590 
5867.873397 
29222.492070 
3563.571956 
14702.077826 
19145.641745 
3728.752585 
26392.015613 
31971.114293 
5832.878886 
18728.991756 
19854.142629 
33616.827428 
64444.285591 
4028.820471 
7101.879217 
18315.070720 
26709.169295 
28862.805039 
14738.370126 
4497.670072 
5894.670018 
4868.914919 
23625.304294 
17909.616395 
3502.095254 
5319.132112 
22930.273325 
31860.772741 
20371.963668 
22428.866958 
6054.157908 
17594.716030 
5657.762884 
36152.379900 
3314.990970 
7336.939531 
21368.702643 
17448.019418 
24634.959844 
3140.029301 
9300.824455 
20627.451462 
5999.891676 
16890.508485 
13973.740170 
32145.495082 
6305.705755 
3069.624904 
13540.129734 
20038.851534 
21213.168531 
3116.637946 
5624.299205 
33138.129821 
19509.730919 
3288.804407 
28500.562969 
19007.253112 
3572.747755 
32722.681827 
5487.394673 
34763.392820 
18527.981009 
28611.217160 
6944.825792 
30684.115731 
4019.467790 
11483.609190 
4084.937445 
5605.914130 
25258.658556 
18134.032280 
5716.122573 
3144.303774 
4850.111015 
23165.596052 
17941.009238 
28721.151580 
25419.170722 
6280.511278 
2854.003222 
9159.299562 
20860.829899 
21940.319033 
5331.715359 
40507.616901 
17811.695595 
2663.903444 
12035.147351 
21094.114845 
19638.401608 
2586.045707 
5865.055528 
28044.562166 
31089.780349 
5093.248830 
20403.935386 
13744.652607 
2632.836205 
19783.990729 
5414.533046 
2791.605724 
26306.026833 
19211.182774 
43645.050513 
2937.046557 
29433.754036 
18726.958957 
4231.922834 
45231.255595 
4891.375182 
34099.166395 
25461.567099 
3354.405312 
3081.836477 
3963.125610 
25555.533698 
6820.085211 
18448.764024 
2656.098986 
6915.346748 
5574.853291 
23624.087478 
18335.967697 
2364.637540 
42059.913407 
23936.630703 
22371.580938 
19499.072844 
21274.377024 
2160.071052 
5054.020296 
21438.395998 
2074.256510 
24442.895297 
20658.141471 
35979.412120 
5763.240237 
2131.715811 
4027.328585 
13949.862408 
19965.708566 
2286.947753 
19376.036032 
5261.325413 
35932.075636 
2842.917925 
3185.026223 
27252.959170 
18992.783728 
2376.222009 
3813.343570 
39988.096042 
4561.293643 
25650.830013 
18865.371028 
41825.135009 
2170.434719 
6731.452775 
23949.738866 
18763.996170 
3380.361790 
1863.579307 
5475.916756 
22655.427308 
26909.759454 
1634.570559 
21411.796515 
21646.468479 
19504.925824 
4903.128906 
1554.993105 
37031.739300 
20798.320589 
1687.778743 
5696.957424 
20083.074535 
4044.711301 
2255.910634 
14152.666984 
19577.216631 
36197.277817 
42654.255875 
36523.578788 
5528.505007 
3487.655800 
28672.607831 
2874.719871 
5171.174637 
28299.816673 
19333.145369 
2131.547041 
3609.246458 
25939.734802 
18993.171230 
1729.014732 
4508.053420 
31415.749742 
24120.822146 
6680.922837 
19783.762637 
1355.562847 
22775.057677 
5420.713004 
3767.991276 
1098.307106 
19823.437355 
21716.500779 
1064.596301 
20303.939400 
15735.621451 
4849.311992 
20849.165338 
1322.568339 
20211.681499 
25507.155938 
1871.789366 
5667.621021 
36481.042023 
4152.354078 
19883.337820 
31361.639744 
3122.447379 
16298.366709 
3574.967673 
2352.557990 
28262.618832 
19547.747111 
5135.773537 
1789.929249 
25871.699413 
3654.648159 
20027.014960 
1291.170987 
24077.064350 
4529.421643 
30529.538206 
851.302489 
16362.552778 
22730.313131 
6669.630236 
566.297686 
5408.843627 
21672.341195 
3854.706510 
13235.576283 
691.188952 
20883.039972 
21958.041406 
1108.582446 
4849.772502 
20464.228855 
22955.496429 
32598.648943 
1608.672956 
29770.613652 
20293.048556 
2965.353960 
5675.725451 
4239.888739 
2009.417784 
11350.767078 
27617.222446 
19507.697702 
1461.381010 
25530.491760 
5148.178894 
924.647057 
3407.306764 
23847.020523 
17348.866998 
26829.303121 
408.755250 
4582.304224 
22550.737944 
149.318643 
6697.861823 
21581.180923 
668.264194 
5439.293661 
3968.156614 
21022.806798 
13978.244866 
15421.276593 
20927.001734 
27928.282188 
17708.961888 
4896.550996 
1437.228677 
2999.325458 
28388.032167 
20735.332991 
1822.896346 
3069.261310 
26895.170834 
5720.815873 
4360.563678 
1251.273890 
19559.818231 
12318.963800 
25033.337903 
778.671004 
5207.009610 
23478.103430 
3723.687534 
427.273961 
1225.963866 
25353.722020 
17958.717964 
22300.892306 
535.639172 
4676.814435 
21560.257378 
6764.541880 
1132.728778 
21392.639446 
5510.867840 
4218.183648 
21570.073289 
27474.598509 
17432.833609 
18474.382733 
2488.343001 
16614.904728 
4991.310942 
27908.630356 
21179.497791 
1577.300648 
26161.113726 
3483.428864 
1271.982356 
5801.219249 
4528.538556 
24426.327496 
20161.835557 
14044.267347 
999.560191 
23032.434094 
1488.680792 
5310.618840 
964.744763 
4221.816883 
22087.449047 
1205.247459 
27542.808115 
20214.937243 
21747.542680 
4817.359996 
6867.514973 
22031.010117 
38930.453157 
5620.892478 
4511.201306 
29621.791317 
22270.041506 
1859.826090 
2302.406648 
3610.707770 
27012.870375 
23663.910738 
23581.117518 
1774.026764 
21687.495086 
28877.981843 
5132.724383 
25309.600560 
1567.611001 
4746.588426 
23755.360976 
5914.296388 
4729.376594 
1517.140445 
20991.603985 
13986.278913 
22603.829017 
1850.476764 
22046.478295 
5455.267679 
2177.795098 
4708.836670 
22236.890898 
2378.350132 
21676.868477 
5001.503143 
22864.198236 
48043.425162 
36301.563641 
7003.647747 
26151.165120 
22953.035029 
2786.244608 
5765.514782 
2320.195754 
4785.676016 
25914.303092 
3855.976306 
2137.663012 
2846.640889 
29315.411955 
21217.446556 
22105.784710 
24437.631328 
28505.973975 
54320.140011 
5316.301452 
2024.030491 
23102.076801 
4993.545952 
2056.663877 
6056.528703 
22316.072843 
4955.747772 
20214.924756 
13397.021112 
3123.451933 
22299.792761 
5635.826289 
5003.724564 
2934.618885 
23034.647810 
2952.041003 
21874.904832 
23795.348905 
36692.874696 
5224.593812 
3535.337484 
26637.153808 
3854.794711 
7169.004227 
46083.150540 
23626.716606 
2753.144770 
25136.710082 
5940.068146 
5028.695113 
2611.771792 
38980.113764 
23590.319188 
3433.013385 
2378.329938 
22612.295214 
21819.041290 
21484.865471 
5535.802013 
22566.380143 
2697.085114 
5371.945116 
46664.271276 
22293.997634 
6223.839085 
5205.952049 
21592.978393 
22910.578826 
13804.222129 
24091.874277 
5846.296601 
5180.201933 
3248.398961 
30784.663617 
36605.215302 
24774.958112 
3345.965702 
4144.080212 
25945.102341 
5669.985332 
5481.050705 
3351.738855 
24196.505012 
25306.956714 
7359.297174 
24084.875556 
3211.886703 
5434.765658 
6139.395978 
29841.224640 
5255.784411 
22806.729881 
24305.173726 
3032.071349 
4721.409498 
23266.519826 
22261.317219 
23807.354073 
31945.361877 
5784.238519 
5168.483363 
22616.781782 
3544.382551 
23851.951926 
25388.745586 
6411.918291 
5483.731119 
12397.602821 
25455.103258 
35670.386104 
5641.559114 
26353.668623 
6080.393830 
5244.571812 
25947.991312 
5062.872040 
4123.853597 
24278.042734 
4578.421162 
4905.199650 
30171.125682 
4009.875942 
5765.285601 
23004.219808 
24252.942543 
26766.707534 
4009.376341 
29252.283271 
28988.874072 
7569.995521 
22227.018058 
9318.042259 
6358.268951 
5517.520759 
4164.809466 
22263.229370 
22375.750946 
33013.630103 
19213.632647 
23186.593761 
6054.492547 
4808.553036 
6869.542646 
24813.525294 
21304.217477 
4740.333673 
12071.463282 
6616.346177 
5795.918356 
28151.643650 
26420.107079 
16108.193364 
22115.535162 
4974.352162 
28302.074320 
4658.452962 
6331.975851 
5489.843175 
31205.652218 
28437.031119 
22908.980883 
34380.936489 
4804.041256 
22205.902904 
5966.009955 
27623.823199 
22764.175474 
10111.632751 
6070.809803 
4645.553870 
4893.909245 
21941.909882 
7796.600807 
8040.528830 
22462.749032 
6591.547074 
5865.050338 
20009.766618 
14691.875188 
5067.894233 
23193.191873 
22226.371173 
28767.107159 
6339.570538 
23334.567479 
5471.405127 
32946.913270 
28575.929829 
18061.460524 
25801.945364 
32666.954986 
27637.266153 
6832.911916 
6137.954605 
5630.088335 
6556.337157 
22884.295995 
27133.339399 
12021.643967 
5526.496975 
5452.166457 
23969.221890 
10842.292678 
22329.812313 
17688.462225 
6595.227454 
5976.979010 
5640.188045 
21723.174985 
7065.254222 
11750.980301 
34251.410954 
27919.541959 
20282.498095 
5632.388692 
21917.872833 
6389.172605 
27988.152203 
5739.621663 
8034.823604 
22362.439917 
25293.477222 
15243.929370 
6834.541350 
6267.393154 
17667.563887 
20569.159518 
5723.185088 
21545.561398 
27982.461096 
34746.708701 
28401.561504 
21044.938717 
10176.066333 
17095.393333 
6632.935458 
6214.814683 
26716.066011 
17785.175218 
29242.855577 
34900.218765 
20526.404102 
6496.994577 
23082.965615 
6288.438273 
7057.673672 
6491.897069 
6401.594252 
8800.434008 
12520.625298 
29307.954192 
21713.925496 
20109.799800 
6219.288230 
24848.443558 
6349.371283 
12278.406673 
21501.281394 
6865.028397 
6494.110950 
7675.470272 
6752.900494 
22069.596037 
20634.088301 
19413.421693 
6107.825075 
29390.143354 
6711.757736 
22021.264412 
6655.915241 
8280.627048 
19475.415873 
14111.892571 
7083.012308 
6668.159034 
21906.536865 
22590.748146 
29995.286543 
6167.832189 
18831.719041 
34871.825241 
18786.540925 
19156.807285 
13352.311551 
24306.535316 
17737.534320 
6928.948152 
6888.180721 
30985.688158 
9057.068689 
7343.655851 
21837.958667 
7461.079357 
14237.706918 
6671.439799 
7287.063747 
6842.699662 
21174.959191 
7768.732481 
19739.519811 
13775.642857 
29532.739726 
7278.594735 
6550.024745 
28513.833066 
7006.495898 
21565.368496 
7136.937739 
13761.838573 
6961.346151 
22344.387117 
23383.197760 
20671.554871 
22018.753083 
20685.396245 
31484.599477 
6360.346344 
7032.119212 
7511.806500 
20713.352101 
8530.500226 
12408.957702 
18279.645016 
7333.271577 
7046.777394 
26061.815820 
13874.843293 
28717.407016 
6568.806291 
32126.755410 
20733.494295 
7825.087794 
23652.124090 
20060.727977 
22829.012587 
7223.107126 
28123.759566 
7447.231882 
20838.947838 
7382.881063 
6313.751367 
7230.690607 
20985.129433 
13180.330585 
7518.018143 
7183.765978 
20493.388424 
21877.822348 
31057.259906 
13330.038899 
6476.901928 
8301.667334 
8006.165817 
22627.348581 
23016.323708 
29995.655601 
7407.257912 
12778.738835 
7364.136726 
22110.759960 
28493.596592 
22123.390764 
33742.927096 
22545.424837 
6616.958839 
7345.988287 
8243.304913 
13183.219166 
20988.551984 
20040.300940 
8781.326742 
10150.980599 
25304.701660 
29796.846998 
7582.204053 
7400.673669 
20981.946996 
7170.734832 
5958.662988 
34531.592097 
26670.402119 
27977.500088 
20517.543003 
20461.378936 
19619.260741 
30526.848765 
8969.790520 
7511.852584 
7850.112537 
6182.865465 
21118.572614 
8278.318475 
11917.454153 
17140.102828 
22309.974911 
7747.852609 
7512.343649 
21396.106768 
34054.042436 
9891.281457 
6641.036386 
22805.299841 
12003.733602 
24437.061016 
19987.773663 
9660.279482 
29490.760420 
7672.979164 
7706.362167 
22095.080332 
13018.391159 
29677.651331 
22110.401113 
17022.568434 
7061.920562 
7650.273289 
8523.811631 
32930.628794 
15691.277276 
25249.031209 
23574.516878 
21101.289450 
9030.490751 
10917.283418 
31082.335297 
19918.176154 
8072.215529 
6639.190380 
7827.261259 
7732.387170 
8013.899347 
23282.772524 
23696.529620 
20126.410728 
21304.925187 
31399.858192 
10710.623864 
17258.096871 
21459.522580 
6753.951135 
7792.456435 
8091.954826 
9329.037582 
21781.209775 
22714.807732 
12083.423291 
23026.128742 
26409.404328 
7974.448585 
23072.862464 
7826.898360 
8927.842121 
16511.680850 
7005.886716 
11208.522699 
22084.188220 
13718.059331 
10382.736478 
22722.506524 
22470.129357 
22457.461440 
7931.818990 
8009.525904 
24276.838741 
16854.337379 
24680.303159 
7710.280824 
17539.293972 
7942.774347 
8371.391757 
22050.674000 
16875.469724 
8801.434760 
27806.179777 
18374.480681 
22541.394661 
9275.861340 
8038.228231 
7071.411948 
11289.733053 
8899.697616 
20119.999678 
8066.469054 
8046.456368 
21687.041876 
17858.365285 
21787.719036 
20858.113139 
20668.225732 
15997.200032 
6984.758367 
22878.642532 
8062.943794 
8294.503207 
9992.566431 
12670.249070 
22366.992980 
24091.361766 
24654.860652 
8196.032251 
8126.556473 
8014.290136 
7483.365303 
10671.780614 
19620.934840 
14020.763245 
24835.530868 
20982.112079 
10717.703648 
21325.095500 
8181.950726 
16245.762064 
8303.641389 
15077.133872 
8476.734098 
8029.007004 
18189.922214 
8221.997921 
19067.859011 
8454.620161 
15726.806242 
18985.046144 
21111.582556 
20402.496181 
9515.607760 
17895.044710 
6706.122340 
9618.953289 
11854.359407 
23017.525046 
8451.422475 
8298.225163 
21069.206559 
8345.905004 
21383.512949 
21275.193668 
17003.598776 
21362.218347 
15195.704438 
7301.214491 
8321.733081 
8563.224812 
10342.164444 
14611.506201 
19190.738036 
27419.581119 
8411.264268 
8410.397538 
8618.790011 
8122.492804 
10245.080684 
17214.259431 
16445.236707 
14976.975182 
24272.925398 
20397.786156 
16922.120307 
20126.061839 
10940.345053 
8421.826464 
16212.797937 
8597.352182 
9229.525268 
7651.519702 
15820.222314 
9464.806439 
19106.025264 
19702.977644 
8486.335371 
24612.052951 
8788.646594 
20093.831847 
15144.968088 
7266.176843 
15555.362167 
9748.397399 
10101.631414 
18585.574897 
12262.376911 
8521.220158 
8629.413658 
20473.189990 
8942.319969 
27553.124741 
19639.087604 
16180.012754 
7882.634435 
14601.546875 
8566.151901 
14403.223624 
8865.345721 
10551.135903 
18133.089922 
17676.056570 
8848.088931 
8619.333692 
8676.137697 
16723.441694 
8952.155856 
14907.650634 
9934.613674 
13951.356267 
18696.823738 
16316.652511 
20322.827756 
17621.614195 
8429.365227 
18823.467755 
8647.702343 
10630.146628 
8878.563163 
20843.802941 
9850.865469 
20311.788344 
7537.412634 
14830.337545 
21330.164417 
17952.787793 
8730.311815 
9119.089884 
15459.593877 
16414.014139 
16627.845066 
7837.000217 
16050.163654 
9972.919240 
10492.537189 
12554.423747 
8733.075324 
8891.123743 
17611.133004 
8814.058885 
15654.148133 
8518.602014 
14227.243266 
8782.290143 
17997.718091 
14804.553026 
9152.861946 
11044.353422 
16297.631920 
19180.964585 
16220.541175 
9526.688775 
8821.059605 
8913.158331 
9333.096654 
16256.485690 
17410.228155 
18849.582765 
10363.535907 
9753.850213 
16390.139319 
17187.674278 
15959.128381 
24101.432805 
13979.483845 
14240.593188 
17780.379275 
11625.613117 
8843.019414 
10354.838087 
9132.234667 
8047.801906 
9251.266671 
17358.928355 
8925.818982 
9448.088581 
19120.206870 
15301.243350 
16409.326712 
8234.248872 
10190.617131 
11033.394723 
8928.337781 
9108.251238 
9723.452584 
18732.825494 
13577.828719 
9145.744139 
15421.871437 
14089.317077 
17915.537062 
17123.180043 
15657.467539 
8902.073346 
9412.094576 
13823.240382 
18892.872169 
16037.705922 
12096.787892 
16462.920376 
10108.634603 
14076.732536 
18342.632184 
17309.277736 
16084.770401 
8401.146706 
9031.982624 
9080.082928 
9796.302421 
16215.044649 
9690.948077 
19994.734938 
21388.219283 
15747.724850 
7738.070936 
13990.815750 
10852.154445 
8968.319545 
16550.868078 
9320.691281 
10756.887198 
15855.224424 
8990.375338 
9759.322987 
8730.416665 
17349.361331 
17646.749106 
10881.573678 
11173.423922 
11763.301590 
9109.777417 
9198.631795 
10223.082066 
17157.247301 
9751.049331 
17183.187239 
17224.988711 
19600.839680 
18172.558778 
15458.778435 
14127.595275 
18528.099569 
18263.998991 
15123.690201 
8679.819905 
9638.735326 
16220.136587 
18508.630388 
13219.505709 
16684.581660 
11925.642847 
10587.601548 
18244.639318 
7900.673739 
9540.909586 
9659.053832 
9128.364387 
10102.502964 
17780.040922 
16558.340993 
9684.868432 
15497.179160 
8560.134159 
18580.269503 
11366.737348 
9148.773425 
9315.953048 
13801.306370 
10472.297374 
9370.541615 
13664.696001 
8938.843513 
10196.402005 
18049.299324 
13326.133120 
18773.951360 
10402.999723 
12543.069061 
13822.716045 
18051.286306 
15322.335865 
12264.988427 
23213.828284 
18384.249306 
6931.723406 
8978.378781 
10060.040646 
10146.297188 
19840.354264 
17197.096444 
13445.708349 
15628.840746 
19917.613093 
14230.273399 
15782.970661 
14342.447349 
8248.838476 
13470.683492 
9900.745248 
9672.240099 
10860.859009 
8096.984407 
19580.629873 
9006.760013 
18999.289409 
11948.136795 
9377.293250 
10506.779857 
19639.412546 
16847.607297 
9686.358866 
15382.994991 
9366.605011 
15552.765083 
11740.569858 
9245.911157 
8711.277518 
12954.093100 
9458.548715 
13815.122603 
9529.373773 
13608.890039 
8881.793168 
11711.177346 
17597.312692 
16807.289439 
19043.026130 
18344.866853 
19694.810762 
13590.163357 
16913.438394 
10470.233135 
12767.456807 
12244.707559 
9997.413232 
3105.639446 
6657.153732 
8381.964118 
15856.686192 
5746.033689 
20605.848376 
12690.771917 
13606.083942 
14331.738272 
8444.449754 
4870.342224 
9971.360566 
15456.293363 
10723.501327 
9829.508149 
10754.854653 
5991.067703 
19124.547048 
17150.857226 
13057.855736 
6227.890252 
10105.682957 
22355.820441 
17096.429279 
9659.316740 
9249.518641 
12625.511098 
11402.217315 
6035.624426 
13469.716753 
6495.283570 
17533.089499 
17307.090259 
20081.504797 
8650.295711 
17268.576545 
17729.614493 
14286.590279 
10281.319987 
13366.894285 
13370.819219 
13931.718188 
18571.378148 
13234.209107 
12814.532916 
19553.691650 
18395.469288 
9418.924242 
13258.569548 
5380.092209 
10742.483920 
16090.812798 
24882.883051 
11945.070840 
4438.001175 
14397.821421 
8998.762754 
10227.575686 
6956.483473 
14808.534673 
8156.449693 
18842.980688 
12465.049264 
7070.893500 
19731.378553 
17310.028123 
6646.348648 
8662.277635 
9688.804632 
11866.503322 
10465.242997 
13254.978981 
18266.583086 
10301.879929 
18258.184799 
18814.241080 
14944.152933 
8154.571987 
10476.652144 
6560.304120 
14113.597078 
17884.037662 
4764.476702 
14953.296678 
18337.360131 
18707.076701 
7365.776127 
16330.126676 
8767.207968 
11919.193369 
11706.630021 
14700.361334 
11869.383886 
8063.258816 
6644.972222 
18711.215885 
10061.972104 
18308.671959 
17477.371678 
4683.228545 
14399.061755 
8143.423380 
16524.617284 
16307.698297 
10122.775992 
17119.079665 
9533.194902 
11446.716058 
11763.226494 
9889.950159 
13324.427819 
17579.619417 
18770.401169 
18081.571706 
18140.036036 
16532.461793 
15963.295203 
11335.024332 
8372.198009 
16010.043177 
8313.892615 
8492.674111 
17005.176210 
19783.674215 
8421.972560 
13382.668037 
20187.766564 
8177.009216 
19983.390983 
17590.988458 
13714.497930 
12448.556320 
17110.103003 
11670.864918 
18782.135096 
18600.537951 
19968.388879 
19853.021254 
19502.353257 
11794.152904 
13246.274645 
12151.486480 
22581.488926 
12973.627949 
20440.091986 
12268.559007 
14766.176891 
14806.873815 
11914.725495 
14549.258016 
14432.891596 
24217.514641 
1049
1
