742.138104 311.936270
500.006413 206.948442
698.874278 300.838607
632.972018 260.669770
534.102045 222.672608
1185.687344 519.902641
1734.227361 786.200004
1405.560627 628.441413
1380.490665 655.798347
1122.871523 525.141182
1372.466284 683.960188
1090.389840 535.751661
1371.952810 716.442182
1085.420216 560.280139
1374.102615 750.861021
1085.277652 587.828562
1378.579589 786.934759
1087.335607 617.051511
981.531950 426.752182
1385.439769 824.470739
1091.234985 647.647843
1395.040075 863.330789
1097.204231 679.513885
1407.669784 903.371123
1105.540172 712.557749
1127.642118 517.326284
1423.689782 944.348204
1116.524617 746.614534
1047.972321 510.255635
1330.181606 563.021475
1443.493684 985.961882
1130.470922 781.500691
1059.424524 544.426443
1467.378375 1027.855781
1147.718141 816.910593
1057.926099 572.848746
1495.647761 1069.592267
1168.538311 852.535547
1059.278325 603.538648
1528.592562 1110.576124
1193.197546 887.929971
1061.296133 635.221357
1566.435869 1150.327951
1221.759174 922.494338
1064.985119 668.280992
1610.670295 1189.160255
1253.003617 954.588733
1070.909090 702.821031
1680.942607 1240.845261
1284.000355 980.896946
1298.869941 626.523832
1079.474359 738.725286
1986.761466 1459.983888
1337.967373 1016.200167
1023.829304 521.223965
1091.026445 775.833020
2226.340159 1626.173590
1703.040840 1283.073443
1017.609455 548.372166
1076.336699 496.724298
1105.936512 813.943304
3433.728759 2412.755358
2113.256632 1547.685852
1610.253792 1238.032166
1028.727574 585.992694
1124.600269 852.682319
1031.426319 620.117393
1147.401670 891.709706
1043.778334 808.036642
692.895293 498.541522
1005.743504 724.987158
866.176000 604.758141
747.819985 521.481966
1032.931566 654.329085
1174.768953 930.563035
1409.032636 1097.904527
1718.889125 1164.316965
2575.053704 1691.100895
2075.654258 1417.299992
1036.209773 690.102920
1206.215316 968.106489
1144.166014 500.186169
2112.334434 1344.593168
1706.772605 1138.793664
1042.002340 727.653277
1233.608173 996.810468
2165.815559 1328.714638
1716.847431 1102.788793
1037.571186 514.284318
1050.745591 766.803945
1212.043684 979.298820
2227.083115 1313.124259
1763.400754 1088.004695
901.069016 480.445240
1062.868152 807.409152
1534.123407 1229.025247
2287.212678 1293.062664
1813.813006 1072.158722
988.195462 560.171967
1078.838093 849.199586
1472.535514 1193.932633
2344.404091 1268.372166
1862.783229 1052.589080
1418.189681 602.223129
1001.723819 602.216546
1099.149225 891.801789
1113.184013 517.940065
751.552990 617.758477
1429.403942 1108.861855
2397.763783 1239.450792
1908.711777 1029.198022
1001.570533 637.716056
1124.509483 934.973211
2446.863854 1206.939418
1951.101192 1002.480146
1001.866804 674.378127
1156.008606 978.665278
2491.436940 1171.521108
1989.670855 973.057455
1004.582218 713.214224
1193.760606 1021.993666
1709.365119 1225.673014
2531.422210 1133.856357
2024.311838 941.527687
1225.605234 537.117972
1010.135531 754.153511
1233.414744 1059.811233
1664.388233 1134.274898
2566.801774 1094.607639
2054.996065 908.480933
1884.228453 1553.135337
1010.001179 531.079189
1018.991752 797.017380
1320.695209 1129.000650
1742.674614 1139.368484
2597.682952 1054.293952
2081.788851 874.430122
1177.843975 581.849830
966.998217 543.351029
1031.691550 841.656701
1799.456786 1124.407633
1331.651721 1167.447531
2624.259922 1013.526953
2104.871121 839.865239
980.304904 586.470665
1048.832039 887.717972
1856.253165 1105.970380
2646.794362 972.708187
2124.456618 805.261191
1851.356505 1575.567320
973.143323 619.667596
1071.193435 934.979748
1464.645090 621.912380
1908.033158 1081.890365
2665.644964 932.213549
2140.590722 770.813261
968.658371 655.867986
1245.686579 579.508699
1100.150455 983.545576
1955.350997 1053.573949
2683.068969 893.090546
2151.320122 736.123146
967.680437 695.394880
1137.338360 1033.696088
1998.306860 1021.976880
2729.482375 864.920269
2151.341320 699.767543
1214.128122 1067.123942
969.658394 737.694530
1179.693035 1081.050958
2066.999914 1496.040231
2036.776427 987.884814
3134.621639 946.542858
2174.173713 673.584116
974.810006 782.485770
1213.622942 1110.293770
1696.286544 1182.292811
2070.723533 951.971615
1280.277232 560.382355
3360.229074 961.231091
2675.428838 794.045140
1345.018468 703.251626
1070.491488 594.771355
983.694163 829.633312
1758.416703 1166.243316
2100.223075 914.885872
1660.010238 1283.458545
1634.232744 1475.890381
4985.051687 1399.053860
3133.405892 876.850851
996.009816 590.151744
996.974973 878.923777
2484.444685 707.000561
1842.055170 1161.250033
2125.486058 877.202128
1368.316059 675.090693
954.422856 604.464059
1015.509602 930.086480
1562.309147 1440.969502
1905.215915 1139.559768
2146.848941 839.477300
938.482111 635.576272
1040.576181 983.143431
1958.815077 1109.866389
875.142922 826.616238
2164.856192 802.199807
932.087152 674.358726
1481.898923 626.903193
1073.700281 1038.116732
2006.908178 1075.905499
2143.326904 595.217479
2178.906894 765.369583
1314.919944 610.668905
1689.562869 1403.006681
929.896732 717.353866
1112.207949 1090.634009
2049.852087 1038.911709
2175.346310 724.620189
930.912296 763.596559
1137.934503 1119.946302
1716.286070 1298.805955
2087.602837 999.758416
2077.486454 656.089603
1540.015197 1466.426041
935.468389 812.829610
1268.129187 1234.890302
1567.540191 860.603258
1580.644156 1118.017595
2120.235766 959.197668
2522.054860 750.388760
1059.079871 618.082288
944.250110 864.924817
1498.938109 784.006440
1295.177944 564.377706
1806.169141 1209.491118
2147.981457 917.953586
2368.862569 671.171073
947.973217 593.562496
958.157495 919.715046
2027.007904 1793.165248
1899.696247 1202.776704
2171.245335 876.652958
1753.177952 1445.844796
913.745789 615.061262
1191.876845 328.450806
978.410812 977.084557
1394.261587 687.413606
1961.670180 1172.420220
2190.967564 836.005525
1177.245020 1187.935608
899.075355 650.747556
1006.427620 1036.880563
2015.535478 1135.704927
2209.278347 797.013308
891.636319 693.266632
1040.682447 1095.542283
2063.645856 1095.417495
2227.029215 760.093471
1470.224676 617.046692
888.021227 740.257161
1067.858744 1136.070527
1327.428533 614.061712
2105.837010 1052.540363
1832.378014 1632.823238
2236.346435 722.727502
887.765098 791.007252
1064.384868 1129.384768
1793.206378 1364.285844
935.678035 972.765428
2142.122770 1008.001700
2315.181005 709.344040
891.418053 845.354954
1298.453429 1334.200551
1210.543491 682.028830
1991.745472 1634.005184
1803.220914 1287.559355
2172.739138 962.630448
898.033859 551.981171
899.911032 903.248899
2245.635412 629.850349
1412.257557 740.856998
1906.771313 1282.788480
2198.123756 917.196879
890.740280 591.840374
1281.138139 553.479992
914.467729 964.620289
3125.510136 913.791167
1967.520566 1244.704446
2219.233227 872.495026
2108.715276 2011.668551
870.266388 625.619598
936.497669 1029.259527
2024.837717 1202.827025
1996.167018 1769.558950
2238.546219 829.703419
1819.790337 1986.743447
1412.362217 694.257096
856.011602 666.019161
965.689205 1094.613435
2078.320849 1158.360107
2259.618333 790.183484
846.944976 712.614813
994.358027 1148.897643
2125.629648 1111.160873
2276.147468 751.839011
2021.217577 548.038432
1099.963894 1237.133327
841.412679 764.062341
1009.111820 1172.366415
1441.492964 597.052205
2166.164011 1062.009950
2258.277665 705.690015
1014.095985 1165.730369
906.010628 1017.840420
839.416151 819.939436
1310.780352 601.642556
1934.989668 1859.871555
2440.312218 1995.294093
2037.049487 1553.361617
2200.110061 1011.868516
841.788312 880.232603
1026.547605 615.232843
1455.394710 807.541773
2893.223014 855.564438
1984.280407 1423.662541
2227.936486 961.645262
873.786344 569.452261
849.736564 945.008052
2361.656845 2077.310170
1990.034400 1337.650477
2250.547650 912.204672
1643.361829 857.766600
848.647417 601.208225
864.750811 1014.144631
3168.012971 859.540359
2037.947171 1280.618795
2270.023694 864.686051
1251.326953 533.085286
825.118333 637.062927
887.389124 1085.921925
1980.869474 526.340458
2094.553968 1229.254069
2144.470258 2220.886014
2289.562807 820.344972
808.855716 681.260821
913.891605 1152.419842
2142.966118 2045.487742
1125.626390 1362.455667
2147.305201 1176.682375
1399.883144 683.139938
2303.213525 777.184884
797.362629 732.181634
937.339793 1200.373278
2192.775840 1122.095244
2269.759601 722.310666
961.155654 1229.353753
789.264024 788.623906
2376.831902 677.851129
1242.307236 1553.445924
2230.597702 1066.391346
2400.233016 720.812151
781.825267 979.193260
3022.437562 2450.105550
1405.038951 570.690995
784.936511 850.402734
2149.330169 1652.370493
2261.220343 1010.584710
2791.639489 2427.825638
1007.888896 589.148323
1270.897718 575.683200
1976.751529 2061.156598
877.946997 557.817797
785.489235 917.654104
1332.479884 726.028425
2035.287260 1459.462490
2285.556346 955.676631
837.937479 580.430051
792.418487 990.535556
2059.962498 1374.412563
2305.346620 902.724536
2466.344745 2324.819888
802.283419 609.013920
806.872442 1068.000553
1497.945633 777.018168
2114.388510 1310.826262
2323.258640 852.864818
2096.393343 562.132948
775.702570 647.626788
827.595890 1144.770565
1213.895714 506.519066
2171.566577 1250.618201
2335.649119 804.852250
2356.760113 612.418614
756.773757 695.968095
851.742020 1211.823314
2131.865030 2416.895859
2222.445955 1189.385409
2310.113477 748.277987
1671.282679 2253.436450
742.079903 751.631289
886.369941 1273.341789
2203.504274 2272.661999
1327.753789 640.498709
2264.741953 1127.082002
2191.113950 667.839589
950.795424 1352.353840
730.634858 813.728044
1580.431803 455.637269
2298.617891 1064.710422
2477.639998 2078.263986
879.915415 1222.651825
723.152899 882.300315
936.311840 1306.542641
1056.686167 646.677441
1984.710135 1524.548682
1120.195625 623.217851
2324.961939 1003.419943
1366.198925 540.000485
832.711878 559.552620
2731.499173 2524.958639
721.067242 957.717029
2083.480603 1481.694248
1217.769714 540.638113
1971.571331 2246.514004
2345.324973 944.267433
791.280572 584.934074
725.840052 1039.646998
2141.447066 1407.293387
2362.039144 888.312647
750.760179 614.476885
737.749632 1124.767039
2570.503928 2602.077025
2200.340523 1335.556648
2373.763473 835.055838
1411.032657 727.184469
721.433020 656.797093
3402.102159 882.541625
756.118934 1206.310002
2256.078666 1265.422285
2360.499456 777.895600
1174.431206 476.001502
699.064636 709.657059
786.751689 1286.145685
2303.319304 1195.045476
2024.333387 512.750460
2284.567844 706.037394
2084.699286 2614.793913
850.452291 1390.623477
680.208876 770.558008
1199.095232 1863.607159
2155.287324 625.336467
2340.888457 1124.893645
2218.909192 2485.831080
1787.956870 487.929804
1242.475532 588.315991
983.551853 1579.229839
664.373166 838.999981
2369.534922 1056.070923
2327.943560 1932.238099
3101.010440 2814.928117
652.593725 915.398753
945.555246 609.356209
1039.279035 611.586637
2121.457156 1613.883935
2390.737379 989.735454
829.416222 1355.092428
801.803141 571.676574
646.433892 1000.060042
1328.020965 506.028264
3297.786649 3256.840428
2184.482000 1527.047032
2406.579170 926.925282
1047.481339 565.095581
739.999128 586.791590
647.105430 1091.333062
1162.314451 501.251994
1936.207220 2433.758203
2238.811470 1436.578204
2417.114879 867.566470
694.257301 617.398115
655.411973 1184.582794
2295.814713 1352.766124
2410.986012 807.755043
661.827704 664.020310
675.686046 1278.788544
2629.047681 2866.497029
1233.621204 624.728255
2227.478623 567.739780
2347.512174 1271.811300
2365.181987 740.605946
635.000397 721.723251
718.273492 1382.020571
2280.465509 668.035192
2389.131732 1192.145540
1136.512027 442.881022
801.571666 1506.696046
610.725226 788.300544
2434.690871 596.811799
1716.967575 473.525298
2012.317662 2831.046157
2420.317241 1114.382255
1046.361512 1955.401398
589.041752 863.818232
2362.199420 2114.515292
2195.448419 2689.316894
1151.235187 529.868855
2215.936115 1809.021612
2442.486876 1039.644815
1172.985846 2122.907768
1078.966614 664.559251
2897.415984 2799.067638
571.208951 949.010423
881.139577 600.387007
899.565257 494.901967
2257.663812 1683.932543
2457.676895 968.968917
756.117318 573.709378
558.808481 1043.664884
2297.903449 1563.364199
768.781539 1502.034092
2466.688137 902.578444
3132.728368 3294.786918
1292.034430 469.314963
679.492950 581.631511
553.645236 1145.442803
2347.144926 1456.350424
2463.192514 838.070575
1112.486216 460.815998
1879.790800 2638.188421
632.475158 617.022836
560.401231 1254.369636
2399.709869 1359.790381
2433.871844 771.248608
596.431311 668.610903
587.559133 1376.456699
2444.836534 1267.887663
3468.270027 847.043976
2388.074190 705.683916
2586.597451 3044.888126
1074.450039 530.481286
563.740984 731.264012
620.537295 1464.916830
2368.469609 653.706960
2478.681658 1179.225933
532.389381 803.842838
828.714416 1867.002834
1101.982765 407.791080
1994.181524 515.048647
2501.820828 1094.522264
1915.956170 454.268534
2770.830310 2450.300608
2671.307047 2647.864842
502.833532 887.067126
1917.124174 3081.027910
937.241567 2208.344536
1221.569904 792.151498
2353.382297 1877.246949
2516.316783 1014.746377
797.918739 570.572814
2147.614396 2899.993699
476.419950 981.782628
1092.680949 482.588679
1164.005245 685.682530
2394.124557 1731.143028
2523.566792 940.244803
675.698057 547.823706
455.199086 1087.674498
2422.091651 1586.039897
2520.201688 869.508555
612.642017 570.611706
443.962879 1206.571998
686.211062 1690.676754
3125.046333 3482.021354
1070.118635 564.593576
2465.404903 1463.417457
1258.884745 430.025368
2497.398499 799.495649
565.973329 613.258713
453.477240 1352.231962
1072.241465 420.698069
1807.439920 2877.123529
2510.665445 1354.194775
2461.856839 732.465652
524.697893 669.543757
500.173224 1554.601672
2546.442882 1251.789163
2460.688968 681.746308
484.331755 736.972342
2800.494179 671.603909
617.157228 1911.559734
2526.027535 3221.855142
1101.276766 519.286792
2585.558491 667.760143
2570.311226 1155.013719
443.774181 815.659327
2583.808761 1064.505856
2798.735746 2399.979981
2820.511446 2694.982288
1071.073647 370.736999
403.556972 906.889838
902.308562 584.210966
2567.816354 1975.533150
1899.683807 430.108140
2588.860470 980.621378
816.380647 2535.790943
1796.485319 3382.666183
804.877812 2563.895840
639.386967 482.308390
365.240224 1011.898746
2585.395639 2753.414211
2546.578654 1762.538871
1153.155492 649.742698
2584.219473 902.348512
1056.287119 440.508069
2093.390151 3147.441319
598.914893 522.217120
332.691141 1133.619738
2556.989371 1591.831023
2564.159142 827.394742
544.938395 557.831819
314.463066 1284.289820
2592.005305 1454.759289
2530.640772 756.179656
2907.306753 3445.473851
561.387083 1907.802817
1224.064833 616.615887
494.829359 605.363940
322.887974 1483.716178
1228.732224 388.130283
2626.539856 1333.652803
2499.688640 693.242676
446.140055 665.344012
379.814763 1754.697569
1036.987427 378.882875
1721.902816 3174.747261
2497.814146 646.474711
2650.083670 1221.910594
395.939230 737.024001
2661.922139 1118.541193
661.581446 2844.969597
2738.003271 617.926820
2461.152629 3414.068560
1063.792582 472.397129
343.343304 821.394039
3256.677003 792.861514
3390.021648 3108.942087
2664.011982 1023.654214
2994.454558 2448.664577
2539.271135 2696.052850
288.761366 920.489262
708.307262 486.061096
790.408289 469.396744
2776.959405 2032.346994
2656.678526 936.470066
1043.277160 331.482163
596.634272 477.594173
234.529615 1038.373810
1980.261742 424.485368
574.689607 2729.520783
1644.744667 3765.292994
2697.001374 1761.649346
554.178672 2867.077399
2637.095710 855.220738
938.764671 496.550668
535.992554 505.931861
186.503502 1187.262454
1011.138654 390.830968
2051.039305 3474.886925
2699.655661 1576.432340
2608.597292 780.336546
475.439813 541.673603
153.212285 1386.265182
2724.215565 1427.488502
2583.359726 714.507617
418.639374 591.581223
137.387767 1576.301557
2752.749588 3444.132475
1041.978400 494.708624
379.431617 2217.818052
2744.358721 1296.174384
2476.287677 634.111859
1201.657014 343.713265
360.422552 654.013682
200.412433 2117.674585
2753.000043 1177.148236
2798.585627 657.943631
1004.276619 334.509173
1629.851235 3581.898567
297.816892 728.719386
2750.842047 1069.213422
4349.302671 3757.436002
229.579994 817.376727
2939.506069 626.239860
3107.331609 2409.508690
2739.137493 971.477703
2479.722179 3753.455993
981.128032 402.148262
811.618584 500.558400
3913.891920 3784.385974
155.950637 924.260882
651.704967 469.993859
721.861373 375.103851
2890.398330 1979.797796
2717.041167 882.345783
548.910408 465.802054
79.644333 1062.669155
1018.567778 290.064846
2847.539556 1728.060197
2689.463988 802.212240
2089.875847 420.272981
3305.877937 3695.935222
468.552119 481.938615
169.186804 2791.831928
4.841856 1261.198835
1597.309584 4650.539202
208.372420 3504.829461
2848.778619 1537.792004
2683.988924 737.649500
402.273158 518.676112
968.000253 338.461356
2041.217347 3950.222275
-64.769922 1554.585758
2858.248443 1379.342632
2751.212863 699.079721
337.393609 569.810795
-131.285663 1952.126961
2860.366151 1240.493294
3017.168377 709.416181
3054.232860 4049.145149
887.183801 387.935446
267.628858 632.865706
108.719503 2921.338765
2851.807470 1116.971081
1177.770991 296.959271
189.648783 707.958574
-234.137517 2194.885454
975.972084 288.318145
1617.440901 4405.948814
2833.605540 1006.831655
3680.553270 3110.263246
101.368875 797.479804
3560.062445 771.073436
915.413923 589.851070
2959.630159 2123.798573
2806.069984 908.206946
3199.743102 634.405363
588.431014 435.772853
4304.210699 4264.398512
2.005638 912.270155
893.779655 492.000792
929.284054 341.381406
2574.993085 4266.611461
3032.809392 1907.347276
2772.939278 820.529956
473.659790 425.613866
-110.274062 1090.663926
3014.624685 1670.999113
2755.186105 748.098119
997.252021 246.708751
397.047158 448.760237
-241.193513 1365.151493
4094.358013 4685.882719
-323.784685 3062.512085
3000.759084 1474.046995
852.746901 393.216974
2177.586719 406.311709
2787.100169 697.595606
1754.773820 6809.918162
-166.564592 3723.996272
326.320901 487.496718
-397.023517 1799.370895
2988.990938 1308.915047
2941.984230 684.540478
935.111400 286.372830
1981.138058 4449.273832
251.997320 537.818374
-536.464745 2390.899954
2970.166903 1166.279773
168.658592 598.134830
4297.396662 938.441933
3113.035513 4324.595374
907.164812 349.457843
2942.585849 1041.605583
-162.956562 3305.008847
1381.567281 5429.796581
1643.220527 10614.271959
72.144323 667.583151
1157.353059 248.098809
2906.751229 932.000805
3560.136669 2672.364188
3619.857750 3168.158377
-599.364290 2382.150068
-41.101226 748.484040
952.545208 240.532350
693.892174 420.740878
3305.172479 2140.126287
2865.532304 835.803765
465.092295 352.667644
-177.315657 868.608339
3746.742356 753.263579
3716.913947 3792.363178
3339.877053 611.120772
3253.323274 1841.089875
907.895475 440.295261
2833.631481 754.858466
898.927884 284.786107
2901.071364 5281.021656
400.352808 380.752172
-372.427248 1164.729436
3189.108437 1585.407399
2824.892677 690.263851
-525.769372 4072.023940
326.180373 409.254509
-590.240234 1433.367522
3147.426484 1383.084202
979.440847 201.642060
2746.312737 618.440365
-851.651244 2167.655288
3533.547084 4027.124954
974.540758 393.405934
249.083409 446.873877
2224.420936 380.254561
3110.503252 1216.178824
3462.646564 714.169194
164.118529 492.831276
907.947877 233.062046
1972.686315 5158.708821
3069.012226 1074.340921
65.842766 544.165128
763.793485 4688.284429
3021.366829 952.248803
-50.652740 593.299655
3108.001047 4481.523078
869.206392 284.448258
4606.265355 3514.481870
2969.604709 846.860273
3980.373640 2625.940425
1140.506516 197.443467
3780.349899 3444.146907
-189.709541 642.488473
-867.895149 1705.844271
580.858851 355.137757
838.343931 412.469984
3653.440115 2091.552744
2925.666130 758.293475
933.307435 191.180370
415.889994 318.848827
-364.407416 721.553827
3455.078393 1723.146663
2909.849748 688.389677
1265.974749 4616.418867
4165.606648 771.942089
964.274473 407.264334
336.203427 336.491521
-781.158541 1311.543371
3429.575049 571.128597
3350.661853 1464.467524
860.139916 223.166877
3134.932841 5979.283880
2901.149445 629.295201
256.851193 362.145240
-1007.604144 1734.416263
3280.123715 1265.241127
3209.734269 640.759769
172.389608 395.030872
965.124606 155.109114
1824.287537 4303.385510
3585.266583 3741.009702
803.367126 274.207396
3216.866164 1102.829369
2264.055704 348.860806
76.950865 432.006134
3152.426308 966.749861
884.622146 178.352010
-34.786103 463.965393
4310.763038 799.837499
3086.542394 851.579601
6058.404387 4026.084880
-161.821905 461.986491
4256.312000 2439.051331
3028.335459 755.528299
633.204676 310.690854
6041.236619 4509.222176
788.760851 206.046024
2876.454775 4901.500434
2753.349696 3229.111313
-313.216633 463.089482
443.409670 259.255301
618.300021 232.363916
3818.315468 1887.253399
1127.352927 145.323001
2998.760406 679.554411
353.303836 266.729794
-708.602076 908.995358
918.443424 140.594928
3618.065932 1553.160486
2992.788917 618.318361
273.279697 283.968218
5321.263664 4563.337669
3934.791501 658.053947
3490.384565 1311.354207
3193.581701 602.105907
3507.120282 521.828556
189.960950 305.815899
826.699141 161.553936
3391.713056 1123.869737
99.164422 331.181852
4015.583204 686.343486
3302.882426 972.306042
4500.001616 3963.435564
954.509889 107.461801
-3.939857 355.264123
648.988464 171.324787
2303.773822 313.280294
3217.979138 847.143700
-121.356058 361.322704
3142.448563 744.076335
868.194833 123.164689
5159.812510 3039.837873
-308.390404 359.722704
494.277765 193.592764
4088.382733 1978.975198
3095.346969 662.562593
349.947976 185.423085
-464.656357 433.621382
5505.740681 3755.637721
747.487947 138.526309
3949.607481 1636.278867
3086.530277 599.586306
5290.553361 4539.039128
294.685957 209.798421
1118.118811 92.139408
3756.377308 1350.068460
3079.580697 544.419428
545.997340 138.921882
214.362496 224.764183
908.292128 89.109656
3601.945327 1132.892334
4436.099714 660.215656
127.647763 240.672591
3538.966225 459.192534
3476.434106 964.483313
3209.158882 518.783436
810.804553 101.943373
33.215961 257.028141
4942.212756 3696.969127
3365.621820 829.714993
-73.487968 271.527559
947.656801 59.020010
3268.654355 720.768038
664.884479 111.195546
-222.758738 302.891638
2342.882342 273.377371
3200.508375 634.872516
5479.002910 2525.106695
6271.397473 3347.844244
5077.129010 3358.203902
-746.736853 539.809489
-470.662237 341.114068
4727.459074 698.393898
455.871948 147.433784
859.207555 67.596164
4395.457286 1710.734187
3171.656380 568.427631
325.662755 141.957399
587.939439 127.196238
4099.463083 1373.037279
3124.662746 507.004589
245.561285 150.801520
747.440970 76.466677
4606.940432 2488.244174
3860.101174 1122.996267
1112.828987 38.278667
3262.458587 478.027399
160.358259 159.148679
3678.318475 937.228291
902.694550 36.991469
622.525671 82.728249
71.852054 168.359789
3276.960601 421.100425
3531.190617 794.273740
-22.643930 175.981878
3364.124021 366.138249
2598.612539 353.924264
807.108007 42.356530
3407.367145 681.547755
-128.198308 179.314589
3315.891277 593.651844
3835.639240 1833.169555
-259.792193 172.713960
944.549200 10.128603
5593.610518 2383.282029
690.498387 46.450561
3271.724567 526.956243
4928.920603 1739.724980
-463.650814 236.330915
2703.666789 262.649409
587.584245 98.770927
383.724274 80.576678
4511.297990 1355.139182
3224.170754 467.987514
855.883892 11.582181
286.914222 81.706617
4174.245731 1081.010886
607.252815 47.503751
3309.872564 431.151499
198.032657 84.214165
3914.749102 881.848571
754.798198 12.614944
4763.610699 1788.397598
111.331140 87.956668
2708.401785 318.733829
3716.550453 734.246276
1111.491759 -15.869276
23.008750 91.535448
901.343056 -15.360847
3558.204685 621.396991
642.380770 9.504918
2194.035904 228.759440
-68.974714 92.266487
3439.178320 534.770147
3644.576646 332.071823
-165.266985 82.610313
808.097270 -17.896464
3378.090241 470.546086
3656.192297 1126.894704
5197.511545 1582.573218
-257.664694 74.115016
4808.770925 1222.650082
3355.998532 419.976135
494.173686 7.167344
945.158312 -38.796805
706.266899 -23.208556
334.658071 12.805102
1886.248649 144.749836
4498.105448 976.454490
3231.092985 361.771952
243.241413 12.521752
4182.185718 784.248117
856.873750 -44.525731
153.601152 12.486528
566.836316 -34.486970
3922.470906 641.014376
2877.382226 285.158878
4351.544356 1028.992601
66.909386 12.816743
761.906684 -52.558803
3720.295867 534.221489
-21.399780 12.703713
1114.122620 -69.853290
3568.126515 453.762183
-110.705044 12.219284
904.029253 -67.543298
657.917060 -67.390243
3481.483028 394.839597
2321.063965 200.496883
2563.409253 186.886756
3469.972514 352.525357
4570.512090 881.350580
2916.501036 453.140667
812.344675 -78.115350
-239.047943 15.316275
495.594929 -65.370143
4669.397614 763.080445
3441.736962 312.432882
298.238207 -57.949709
502.820776 -94.064192
4439.108124 622.399043
949.457095 -87.378226
720.579448 -94.584606
199.718965 -60.030178
3249.586753 259.977723
2050.043226 113.098891
4141.782013 503.076916
113.237827 -63.400740
862.032390 -100.187988
3891.168459 412.930905
608.325804 -122.890946
25.167186 -66.616877
-203.041815 -22.883867
4210.172021 360.996925
2986.049232 205.609547
3700.684493 345.905889
-62.605390 -63.641720
770.555629 -117.541725
3581.074548 297.082163
1120.667120 -123.244819
-178.754378 -60.727507
3555.706326 263.276011
910.720434 -119.122115
687.308741 -147.846984
3587.195732 236.937981
4559.520262 423.000612
2900.742276 165.720695
3076.167174 133.526520
390.564825 -139.481093
2769.041649 24.585238
820.437113 -137.534936
4635.982478 378.874100
3523.967740 204.842485
233.435648 -120.894589
4349.346826 307.247189
549.433589 -187.579242
162.433787 -136.227817
957.367598 -135.220700
736.327360 -165.768760
4063.397081 249.578795
3356.164073 166.789187
2339.533993 74.227587
77.177285 -147.638125
3833.190599 206.317874
-233.162468 -84.826618
871.441891 -154.908355
-16.662587 -159.925100
668.663925 -219.071638
3677.091641 174.745813
-118.514218 -162.188087
4582.871421 -263.981388
3366.353339 137.399959
3621.366620 152.838846
782.178355 -181.203544
1131.030924 -175.629636
3669.262409 137.425565
6487.893609 81.768244
921.324516 -169.659229
716.312396 -228.473988
4936.638246 56.819075
3709.694201 121.201218
-257.110834 -173.135927
321.233891 -209.906904
529.569536 -285.833598
4501.920461 44.970327
3943.145901 81.357586
3928.269027 122.745411
213.924171 -204.102584
3613.236579 98.631513
4751.132670 -769.206227
832.802545 -195.554535
4218.104257 37.026153
134.448215 -224.019880
715.164140 -338.195818
3959.109601 30.467276
968.778833 -181.944311
752.502627 -234.617635
43.542570 -249.079457
3497.805976 74.565150
2330.946125 21.630563
3767.219290 25.388028
-65.999314 -301.268223
3674.349953 21.533272
885.048869 -208.215394
-313.100415 -183.609199
718.728152 -315.199106
3706.104062 18.145548
-203.659854 -340.072102
3612.362184 56.971555
797.473626 -242.688818
3810.675814 13.494030
7905.147355 -1274.558003
6029.252654 -503.751772
1145.067681 -226.605503
4350.017187 -272.236329
3825.502159 5.305273
369.850603 -280.809254
935.690732 -218.742836
273.817685 -273.057170
737.515719 -303.737608
4313.098388 -226.670787
547.892400 -335.900710
197.791294 -296.330938
-350.122458 -320.168266
4885.589049 55.298523
3536.235231 -6.438592
3684.291810 -6.447456
4068.758454 -184.480650
4521.110507 -1459.972456
8791.682898 -2160.920818
849.563126 -251.649611
108.938085 -319.264311
3847.316123 -152.721960
718.364723 -420.243899
4.006022 -342.753903
983.522904 -227.187945
3717.046921 -130.739972
769.741303 -299.507732
3369.100879 -18.941822
2232.652975 -28.654893
-124.969241 -505.352703
3714.772724 -117.549871
902.701328 -259.659458
735.433832 -393.213059
-382.465699 -304.863704
3837.476966 -111.895153
-207.964429 -445.894069
3645.628917 -37.078854
3964.351896 -110.495750
6048.652775 -901.601032
816.943530 -301.390213
415.085946 -418.195289
4406.368930 -541.572448
504.985199 -397.180354
1162.568997 -275.792868
7557.358972 -1369.960230
3936.255778 -109.771719
270.730359 -370.479747
4166.346372 -439.389674
953.613246 -265.977941
752.014115 -370.017502
185.435894 -393.821694
6103.088939 -2226.932765
3915.215936 -359.868402
-367.628046 -438.436845
82.537504 -387.699965
3767.118910 -109.701510
3274.835698 -1581.022913
3579.791011 -85.458215
870.638686 -305.354164
3748.786469 -303.640554
-42.970831 -447.455596
740.140998 -503.782394
7534.052764 -1930.198436
3706.022435 -267.532353
1001.386451 -270.610383
789.591856 -359.689139
3597.019318 -114.137935
3810.315149 -248.806417
2299.305360 -80.201764
4008.047695 -241.427376
924.149527 -308.819411
735.202772 -452.636102
-371.392901 -393.930306
5027.826809 -1022.659751
5918.893474 -1478.954106
4122.484968 -234.685739
-175.897288 -529.193612
428.996684 -541.295443
4261.483662 -733.704216
669.697948 -666.727109
840.901569 -356.906487
280.102386 -483.324393
4026.631415 -222.078251
4214.761820 -160.748168
1183.298622 -322.843800
3969.883183 -594.470377
185.045909 -502.314217
694.318895 -581.708298
974.825063 -311.000290
4392.667872 -2332.497295
764.860290 -426.968133
3768.666200 -495.662026
3350.857224 -2276.233982
78.860968 -499.154028
-392.961206 -681.759189
3872.001400 -211.129938
3685.223283 -429.951587
3963.581880 -184.900908
5009.173688 -1804.320340
895.802310 -356.245516
684.529015 -522.928221
3748.950716 -392.714383
-25.067892 -590.198302
3957.333971 -377.782019
4225.101494 -231.842119
1022.121932 -311.907188
814.103574 -415.390725
2062.825871 -119.202789
4226.015249 -373.828020
5733.190502 -1572.996123
-553.480225 -760.097514
4268.393480 -1035.820469
949.069885 -355.308075
722.884762 -491.406367
4309.627797 -360.329712
543.382379 -645.565096
386.802072 -568.135306
3957.844582 -841.627794
545.492933 -533.585589
-172.278955 -799.174961
4743.964772 -1667.579430
297.737205 -598.326302
869.487953 -409.002283
3769.096834 -702.670602
4029.189775 -323.517693
4454.046249 -251.087894
207.230928 -635.284079
3557.944597 -3333.221521
3816.202611 -2963.070549
1206.973129 -367.446269
3655.164882 -602.587946
-694.396216 -1389.116544
999.017030 -353.487511
785.180116 -478.677402
111.945461 -685.048530
3670.906452 -540.869455
3718.126972 -288.356256
4975.746203 -2348.817449
3194.286890 -226.004238
3830.521921 -510.821658
924.699986 -403.951239
617.846491 -510.439570
-350.897251 -1089.826394
4105.035098 -501.768097
3540.911705 -263.506120
11.369906 -789.973794
-966.089640 -1764.781815
1045.433620 -350.812722
845.296359 -467.550827
4662.141302 -527.963214
4174.969260 -1399.690427
2676.528182 -209.296543
3547.130116 -1001.944517
516.740259 -648.319228
4689.787912 -506.058489
404.467585 -662.734214
977.078550 -398.795005
740.894383 -536.891686
3218.072683 -4085.805462
3296.362197 -3405.422981
3708.239466 -909.578157
4896.674387 -2976.116372
335.971137 -726.774736
3617.321416 -782.474915
-104.139102 -988.866586
4215.732073 -1850.445288
3773.949623 -389.823245
-587.701476 -1579.477481
902.475456 -457.471964
543.382721 -551.554334
251.432606 -775.931106
3590.897508 -692.094091
1233.273305 -409.346177
-273.741861 -1311.831396
3688.581529 -640.578752
1025.827221 -393.168018
820.898504 -530.705473
3318.872870 -327.182565
-838.427419 -2300.631660
162.228724 -828.923302
3818.022546 -604.186491
3689.658417 -330.097761
4172.190475 -2362.250653
956.847504 -448.147339
3848.672249 -559.266102
691.904445 -593.996134
2710.878699 -4775.341798
2768.690317 -3875.207905
2997.104979 -280.939847
3418.209935 -2609.335030
5397.376296 -714.722097
4340.295665 -1542.405119
1071.004313 -387.114564
883.082378 -516.409754
77.363389 -935.153453
625.467630 -896.009761
3646.482986 -1118.093978
4160.861794 -1771.364474
1993.520924 -200.790061
463.301097 -796.081448
576.355427 -702.523987
3961.315700 -516.688262
-323.507214 -1777.854992
3592.861752 -970.522732
-592.392163 -2887.945592
1007.730922 -439.009211
796.579972 -598.165032
392.580834 -854.130675
3520.248330 -846.216950
-1.904003 -1177.540831
-242.543494 -1943.420192
2048.239252 -5328.458520
2130.428947 -4136.915898
3354.523057 -417.599994
307.764502 -886.847080
3570.629041 -771.273238
939.121280 -501.978600
4133.717930 -2161.418017
673.924173 -678.908445
1261.856339 -448.338265
3657.362903 -717.476219
-262.839506 -4207.377595
-156.834502 -2535.809582
1054.878178 -429.835515
867.677145 -581.595658
2924.258162 -345.467673
3374.471154 -604.527429
226.280775 -926.635790
2489.726233 -2587.666765
3901.352660 -2555.376882
1263.282687 -5651.651608
1532.428691 -4478.679552
3463.683208 -552.614904
-78.475131 -1694.194544
2831.602398 -316.468187
991.672860 -488.560544
783.363846 -677.663482
350.204257 -4438.884477
179.004149 -2958.786013
4575.881433 -1677.893275
5367.693068 -2240.961044
662.290343 -3356.348211
625.440517 -883.940173
3659.341680 -1187.377672
162.984386 -1035.322751
1098.492349 -420.650349
925.174890 -561.015418
536.127409 -922.448966
8.560528 -1466.714020
2071.943813 -248.317447
4383.650091 -2154.879518
3476.375948 -1005.923153
3313.470496 -504.340213
678.109516 -783.963851
3203.290595 -2624.915895
457.423726 -954.259500
71.321716 -2045.157873
3468.414117 -901.061535
1040.569876 -475.754689
860.705591 -656.255560
119.410055 -1273.659737
34.347045 -1124.959199
3580.329798 -843.136615
2025.839609 -2778.991922
3202.482217 -461.543821
366.489362 -949.710583
4221.062614 -2485.263350
978.461152 -542.161000
3587.810775 -773.343832
791.064264 -777.693020
1292.350952 -484.270039
3183.860538 -631.598019
266.092397 -2336.881386
1085.769817 -463.345442
917.636010 -626.948837
1678.986737 -3242.137861
2632.160604 -2692.191392
4085.497791 -2881.120034
297.694205 -983.923096
3109.375282 -427.457435
5371.473764 -2219.521354
3103.084672 -417.840965
3140.922178 -573.225494
500.341157 -2168.409158
3791.582374 -1426.613811
1021.946476 -2773.999510
1028.583064 -525.011381
871.048965 -747.828093
4680.964193 -2181.370254
841.315982 -1253.320482
749.254472 -967.808517
3447.554912 -1166.828362
637.359599 -1067.753663
277.388419 -2356.682592
256.065470 -1082.019795
1127.543543 -451.310997
969.544215 -600.508192
3376.365905 -1027.191621
223.349705 -1275.379476
3242.634652 -555.782252
2273.831306 -317.858243
4324.440364 -2350.853717
817.617617 -896.164557
499.109877 -970.893633
3641.470216 -3053.539314
222.995038 -1146.259865
3465.162360 -954.528850
1075.122052 -508.918596
395.716662 -2259.245822
922.198389 -704.038844
3611.276248 -909.582546
2514.977200 -2977.088278
1947.261353 -2842.179410
3574.672988 -830.113049
3403.187923 -551.383319
4433.055697 -2807.770086
422.772589 -972.103758
1019.681702 -577.823328
906.252635 -863.787826
3375.097395 -725.656559
1324.398452 -517.051167
528.336739 -1999.536069
1440.650051 -2684.463579
1118.097497 -493.619274
967.827404 -665.336920
3979.368976 -1741.205327
872.095873 -2141.724596
3426.017136 -3342.221910
378.186665 -1027.406532
4323.395919 -3158.873443
3221.338309 -1250.611490
756.971155 -1062.018611
3895.235931 -605.527951
3278.434979 -656.165505
3760.996669 -575.913806
1067.020961 -557.426184
4179.219445 -2122.461530
948.479614 -800.610424
3279.673539 -1143.051960
787.961335 -945.091742
564.597571 -888.002148
369.351525 -1147.118938
3335.419732 -1052.441142
510.397784 -2136.604926
1157.813589 -479.045165
1015.210157 -634.714148
3356.853046 -630.571250
3503.712712 -1009.716833
4473.145482 -2604.634197
2194.520198 -346.284113
526.854628 -942.183189
959.221149 -997.133292
388.086946 -1276.678393
3644.827885 -968.176589
2416.736770 -2979.042346
3838.757588 -3202.608318
1110.924526 -538.463629
629.010623 -2034.785063
978.754937 -740.568580
3578.078936 -881.765063
3239.094422 -3472.841737
2086.706508 -3039.956291
4692.868339 -3099.088808
3699.319143 -659.072259
486.023077 -989.953432
1062.146419 -608.960028
1010.672919 -930.643817
819.252769 -2038.756184
3409.443851 -782.521726
1667.876505 -2893.807701
1357.633138 -546.647886
507.960695 -1613.773534
3869.204220 -1678.137522
4472.267273 -2159.023743
1151.463827 -520.644267
1017.643415 -696.986338
3256.340648 -1274.830499
481.057433 -1094.029921
608.584823 -784.788490
4627.463139 -3421.938652
3244.554278 -3038.336444
4597.189252 -780.155724
3343.374542 -717.945586
3213.710627 -1140.934462
3223.058404 -551.351747
4471.199969 -2427.789607
1001.125053 -1110.256385
1106.460162 -585.822831
1009.493480 -832.290878
580.995503 -851.074770
3348.265823 -1085.283943
524.810081 -1276.009779
682.191073 -1865.415248
1312.953754 -2537.083916
3562.941137 -1063.683287
1188.952373 -503.855724
1061.601830 -663.813960
3495.537228 -705.480263
4850.002309 -2948.007801
1172.561484 -1158.795271
575.515766 -945.449657
3662.820504 -1015.115692
1970.754005 -344.409794
2794.556933 -2962.854324
2106.723150 -2580.551882
609.313723 -1490.297547
3795.800363 -3122.558316
1147.532118 -564.425239
1030.375857 -766.806857
3565.290070 -921.743770
862.277623 -1991.033311
4099.707241 -2767.316229
3619.794448 -690.511304
1639.176719 -2315.643807
569.215528 -1030.190039
1105.283509 -635.680356
1062.043484 -943.540255
4973.112304 -2321.875782
1200.410526 -2323.435597
2280.945782 -3536.381881
3607.468914 -1556.883419
3418.248517 -827.062931
1391.707079 -573.081674
724.549837 -1669.065511
4616.455701 -2350.482758
3089.021649 -1215.864695
894.336941 -1005.077046
689.770505 -865.233564
1185.492721 -544.463831
1067.064975 -722.634370
612.413637 -1186.975218
2870.726811 -2610.921980
3166.842611 -2359.881116
3156.724635 -1134.504710
3462.160017 -788.528268
4548.604515 -2587.996787
1239.703501 -1284.418716
2826.694232 -532.152271
3395.717423 -1122.977490
659.130779 -912.498617
1146.412285 -610.304495
1052.462741 -843.328908
697.155948 -1389.784068
1898.621432 -3094.123548
3619.166493 -1110.821899
875.208356 -1813.785869
2590.392470 -2831.557342
3735.349564 -2328.295322
1220.649776 -525.788792
3696.658390 -1059.438862
1108.235342 -688.106445
1079.045644 -1024.561463
1776.695070 -2101.562719
644.696440 -973.533694
1835.028732 -349.884306
2878.147916 -2294.297847
1096.947169 -2006.009032
787.218268 -1541.027463
3703.171489 -792.798419
2674.296333 -2621.702806
3614.716153 -971.187004
1184.546114 -586.902667
1079.348463 -785.506797
2408.343997 -3251.326866
2317.977751 -1586.750153
3715.985048 -1763.910968
676.449262 -1092.594016
2682.658574 -1161.263441
1148.582608 -658.174075
1060.461530 -906.693755
3563.738727 -897.895845
1490.838248 -2384.952398
973.044001 -1097.723999
2691.085607 -3772.980442
2848.808750 -1123.683597
3321.875462 -1754.831712
1426.299823 -596.417103
938.060825 -956.478220
751.943030 -907.527279
896.985007 -1654.061640
758.864165 -1274.462023
3153.111460 -1141.372947
1219.846460 -565.169814
1116.295935 -743.214901
2733.740144 -2364.598386
2912.078718 -615.402356
3442.614534 -1155.269172
2985.918921 -1780.256370
3352.498565 -791.669758
2612.079709 -534.473631
710.017636 -922.531961
3638.683444 -1140.073885
1186.447349 -631.035292
1092.388283 -847.210221
848.650925 -1432.983308
1074.321518 -1818.005695
2585.023873 -2685.960576
2286.350383 -3300.704390
3942.767106 -1157.431368
1252.605675 -544.930921
1154.675698 -707.950589
990.398707 -896.239378
729.617705 -1011.550576
1742.272898 -357.785117
2593.985675 -1991.270277
1277.988644 -1956.361581
3988.489288 -1106.971703
2201.263883 -2717.273811
929.647980 -1525.308150
2613.410221 -2408.796557
1221.588801 -606.040578
2437.316102 -1179.293962
1129.162149 -800.177108
2307.493162 -994.946633
802.386054 -1162.819601
920.507191 -971.267040
2822.020822 -1107.755682
1191.595115 -676.693119
1966.197831 -2496.717993
1089.853447 -893.191886
1559.061181 -2107.053307
2770.904535 -1527.772046
2988.474047 -1857.295984
3196.415147 -1160.068698
1461.096467 -616.754208
2020.815508 -2193.548582
737.623373 -839.723834
898.816220 -1327.496818
1070.308916 -1660.702952
3711.631544 -969.864615
1022.331611 -968.973005
1254.202707 -582.896535
3326.064351 -1126.130524
1165.334532 -759.494820
2750.371139 -2266.489794
2925.960671 -2002.977056
2762.736691 -631.239224
3393.984393 -1075.686998
2473.858617 -542.378532
773.376721 -939.499234
1226.155717 -648.218909
1142.663409 -855.121031
971.681237 -1423.712343
1384.036456 -2003.719213
2300.739322 -2221.873428
4380.651419 -1301.597116
1284.556176 -561.405036
1200.469283 -723.691017
1089.894663 -935.714339
835.986853 -1064.782511
1668.129665 -364.617051
2780.282885 -708.121587
1821.791459 -2047.793813
2263.863791 -1051.545583
3249.051285 -2410.318527
3272.038404 -922.635245
2506.932271 -1292.162452
2533.013946 -2198.968305
1050.992045 -1490.023451
1258.295550 -622.005808
2489.856658 -1049.826898
1180.511658 -812.140257
934.018944 -1222.225278
892.921905 -910.473179
1586.440745 -2106.041848
1136.727772 -1093.734173
2967.912417 -1153.907050
2847.277716 -1636.015433
1233.840189 -691.473265
3462.434002 -2199.551587
1152.796424 -903.672808
3148.741627 -1140.631165
1645.677192 -1913.932363
822.031709 -889.300993
1833.170063 -1833.263960
1495.829813 -634.231950
1018.712528 -1340.429549
2933.712519 -994.198519
1218.083898 -1641.067283
1288.263104 -597.792404
1213.596016 -771.820173
2684.731919 -2106.018038
1112.664484 -991.579622
3788.421092 -2595.390388
3125.259068 -972.867599
2619.995777 -638.470598
868.200321 -986.015282
2370.514660 -550.478075
1264.953597 -661.964348
1545.873281 -1836.533415
1198.618569 -863.996555
1074.671754 -1391.934816
2244.956095 -2023.302765
1800.669915 -2331.643071
956.872182 -1122.087840
1316.298915 -575.368753
1244.975907 -735.538823
2502.881182 -1226.496711
1156.979087 -942.093894
2267.910877 -1014.819860
1613.516538 -371.665416
1626.595655 -1661.584404
2744.506967 -1475.802533
2625.200798 -709.708407
2757.256867 -1967.292079
2714.780122 -1120.517823
1035.705683 -949.232039
2428.064017 -1986.657738
1293.959567 -634.797142
1105.338827 -1384.599382
1231.315626 -820.702776
3242.979817 -1245.604155
1056.487013 -1256.733170
2912.834821 -1725.003259
899.099235 -877.352862
1592.582889 -1890.262933
3345.582634 -1202.204921
2507.859273 -1632.020704
1274.275406 -702.423250
1216.186845 -911.497918
2468.879011 -737.223665
1872.523591 -1994.377198
2630.747792 -871.384746
912.157189 -934.901448
1965.705064 -1814.324813
1530.217171 -648.990518
1127.644328 -1336.625045
1347.040051 -1601.136291
1321.550400 -609.935516
1259.892134 -780.104455
2355.814486 -1750.848823
1125.814339 -943.679981
2527.063694 -648.813465
973.685587 -1033.283465
2303.857371 -561.128195
1300.593741 -671.503978
2293.090767 -1933.766524
1675.676096 -1811.159363
1253.405634 -869.513868
1201.235956 -1394.741124
2459.209659 -1153.438927
2850.382939 -1447.419333
2480.174340 -1075.748122
1077.235144 -1166.453778
1347.863781 -587.096641
1286.375268 -742.985411
1230.727658 -951.283238
2251.893545 -1506.619133
2690.061589 -1087.868913
2747.457377 -1523.519109
1280.283292 -1159.434313
1580.506207 -380.409089
1953.696201 -1909.240894
2101.048962 -1947.202440
2559.258458 -724.584937
3755.555815 -1425.247367
1991.955923 -1208.557292
1611.141075 -1742.815204
2346.134328 -1810.351569
1291.080211 -1444.788608
1325.950488 -643.466811
1167.592251 -1270.879965
1279.097756 -824.931504
978.608631 -917.284955
1174.107791 -999.428826
2722.576077 -978.735803
1308.548591 -707.646050
1279.840473 -917.403930
2417.922689 -2075.744217
1814.293458 -1792.176369
2611.837132 -811.121442
985.893766 -954.686392
1564.387449 -661.345140
1250.511497 -1348.247370
1353.117819 -619.179870
1300.653086 -782.785206
1271.837071 -1004.338186
2550.663877 -1800.515724
1553.169222 -1645.814438
1082.179042 -1073.475956
2482.944456 -664.447231
2276.337006 -576.562845
2686.758545 -1302.713994
2237.322512 -1771.700862
2378.651506 -1073.272541
1322.789083 -671.961379
1304.751340 -870.855042
1635.280043 -1622.865309
2790.714456 -1458.399813
2463.239231 -1037.843663
1388.022273 -1462.251569
2600.336082 -875.671625
1189.276281 -1193.348265
1730.073814 -1584.655627
2601.132131 -1606.239349
2689.007907 -1044.876506
2332.921292 -1320.659091
1063.883071 -910.323008
1381.518649 -597.851108
1318.403171 -742.989023
1315.618995 -966.908315
2593.541576 -759.663456
1567.064916 -391.207048
2519.057810 -2181.652943
2983.459648 -1950.917100
1865.949422 -1845.770068
964.433365 -856.235300
1635.121854 -1662.431955
1277.491237 -1280.384459
1348.193120 -645.416890
2229.418654 -1624.467117
1318.191310 -821.933123
1400.996726 -1118.656392
2057.473912 -1658.253610
1324.241216 -701.124415
1341.237331 -920.195516
1074.296054 -981.384265
2755.755441 -875.746804
2764.710596 -1003.289943
1344.149447 -1217.534932
1716.933224 -721.157501
1393.789897 -1378.806392
1383.273987 -625.920552
1323.762564 -773.346320
1364.764771 -1020.054781
2592.622499 -1206.351751
1190.857025 -1105.917251
2055.342140 -1994.314115
2382.924734 -1601.044327
2926.635039 -1451.493298
2775.769392 -1211.812770
2483.369765 -686.321042
2278.012023 -595.649793
2855.540205 -1175.472936
2685.380249 -1433.411278
2020.778285 -1506.637073
1294.767090 -645.240871
1351.699264 -868.106917
1990.059468 -1829.698747
2672.798833 -1540.117862
1584.573974 -1530.829865
2361.520720 -1468.286805
1527.260387 -1272.029032
1289.953904 -1204.090111
2877.655982 -982.546601
1017.252330 -836.124702
1245.561873 -988.512885
1479.916151 -633.593272
1333.742318 -731.964021
1379.367236 -965.588812
2764.977327 -1065.966813
2643.281886 -793.180094
1563.230107 -402.212467
1887.306806 -1763.308055
1089.382341 -921.242473
2283.098016 -2092.148677
1388.312555 -1289.012272
1379.407924 -649.796362
1329.947707 -801.241894
1895.709579 -1302.799598
1392.643640 -1052.095597
1182.545449 -1020.132828
1812.168462 -1379.427755
1322.790237 -685.384299
1420.158981 -933.332719
2862.776478 -924.055016
1685.070525 -1446.885234
2940.644269 -1069.206037
1338.795589 -1101.727843
1542.283799 -1411.240255
2127.325469 -884.260321
2717.875469 -1290.159798
2330.783301 -1043.526975
1726.300316 -1094.758737
3560.378217 -1514.148769
2734.546422 -1382.246900
1055.061625 -470.673518
1302.124001 -737.343517
1367.815080 -969.698785
1275.102458 -1110.748504
2448.777083 -2222.144397
2519.220212 -1366.942949
1934.185803 -1131.719231
2506.177840 -709.993700
3076.808406 -1246.197689
2290.688123 -614.627399
1995.930879 -1713.407264
1781.510691 -1593.822306
1236.397282 -601.177538
1838.490610 -1288.599539
1403.401134 -867.971865
1283.310881 -975.595304
1364.521621 -1189.411214
1244.900038 -520.929103
3017.351345 -1243.229857
1179.761632 -928.193820
2994.364228 -1029.956597
1579.645475 -1212.526049
1379.696812 -734.191736
1456.973283 -971.434529
3055.978051 -1172.633060
2685.544694 -819.967152
1561.004330 -411.741066
1948.542268 -1666.259317
1216.281696 -978.618748
1963.835008 -1691.885666
1479.708486 -1280.382335
1398.554630 -647.055107
1255.178590 -729.712985
1818.234659 -1164.203902
1282.878539 -916.153786
1797.560981 -1438.879726
1231.580173 -1002.836734
1847.062034 -1316.380923
1321.024030 -667.967237
1650.989238 -1041.154783
2669.662709 -1214.379707
2576.887122 -1098.388690
2860.027794 -1376.040220
2906.848382 -947.841251
3084.752119 -1122.008716
1722.806754 -1470.471089
2508.173610 -1286.584015
1500.702287 -890.535374
1693.499178 -1288.432861
1787.895807 -983.986961
1289.488431 -1055.253740
476.283296 -202.659291
972.779465 -533.617109
1160.187648 -778.175374
2539.039046 -733.193225
872.862000 -394.015391
3186.730588 -1280.320284
1695.006939 -1265.195912
1767.060547 -1421.222215
2303.712417 -631.212445
1301.723641 -535.082856
735.339740 -343.759856
1426.410267 -852.785738
2147.930752 -1422.118626
1383.938729 -1130.918630
1334.070137 -950.854554
1428.868704 -1082.267819
895.436468 -441.835168
3012.876078 -1040.313766
2187.893765 -1839.567091
1769.215965 -1267.358273
920.604157 -479.472641
1422.747490 -901.437939
3480.507084 -1330.008807
2722.319615 -841.477323
1554.544964 -418.477340
1225.929249 -934.658349
1639.800012 -1318.685621
1475.479758 -1197.649331
874.322302 -497.464142
1928.693190 -1148.893215
896.775800 -606.384151
2339.916981 -1750.409588
2642.329741 -1156.944500
3040.695689 -1398.580083
1143.696166 -877.783553
2587.555436 -1260.156330
2510.027210 -1559.297497
1903.786651 -1430.113941
1497.064424 -833.704461
1977.855199 -1025.305645
1902.830729 -1159.876363
1928.561418 -1293.103530
2858.320216 -1187.624682
1717.890548 -1383.463498
1668.432657 -1333.335653
3063.032952 -1112.912918
2913.148703 -955.708248
1243.729504 -957.848618
1799.508861 -1282.503080
754.427059 -484.642635
1454.325741 -1044.279120
2573.567601 -754.196583
3855.031136 -1528.909623
1588.852006 -1199.588961
651.190770 -350.795735
2311.582703 -644.082818
1214.641439 -879.788381
1350.901713 -1039.572944
955.685873 -656.433646
2089.466097 -1313.619159
1168.779409 -694.222998
2968.153565 -1026.052848
1724.252652 -1158.875816
1005.540424 -614.580238
3073.790503 -1168.956439
2754.299842 -858.536212
892.867601 -655.623080
1153.928739 -867.614843
1557.531726 -426.235213
1701.458674 -1008.233918
1384.775297 -1060.498003
1801.608274 -1278.518482
2785.111453 -1229.516713
1498.868913 -837.503590
2760.315686 -1280.895687
2887.856521 -1221.860116
2235.580350 -1098.056424
1080.985143 -823.778635
1546.913511 -809.909963
877.404628 -652.418373
1918.550693 -1360.999419
2766.759745 -1108.806436
664.551356 -434.665008
2106.705036 -1331.516070
2903.130498 -955.172699
2931.183507 -1062.604187
983.797252 -734.313829
2609.579574 -773.096901
1195.925083 -839.566862
1656.487134 -1096.522079
1585.232943 -1137.474066
2357.994966 -665.323104
1702.538433 -1007.352659
1077.442992 -803.193976
904.483478 -639.105338
2947.836554 -1017.608135
1465.162125 -815.851307
2852.974199 -1082.523349
2779.781580 -870.501739
631.306317 -459.012032
2029.831755 -1280.247037
1090.528544 -807.985392
2516.908543 -1118.147604
2506.131510 -1051.929425
1625.863939 -450.523957
2586.388449 -1204.670323
1405.710595 -740.589163
1579.424043 -1070.078105
1759.320910 -865.157905
1338.649786 -961.765119
1828.982150 -1259.563983
2507.224018 -1516.032990
2942.752814 -1061.646672
2862.559401 -942.077606
2812.465180 -1109.333300
2640.537651 -787.303519
2248.998070 -1421.453387
1594.539969 -1013.118109
1218.354753 -680.190343
2566.870349 -728.846892
1138.051627 -790.481502
1250.464270 -663.193484
2585.181735 -1161.680920
3118.011078 -1072.406620
1215.034988 -702.820923
2051.012766 -876.487348
3048.259890 -1424.370602
1217.349931 -612.681015
3117.398575 -1172.386641
2797.946102 -875.861304
1955.637923 -1183.271650
1998.250864 -558.229342
2642.769316 -1071.387433
1757.506393 -833.520878
2973.491315 -978.507610
2918.866382 -1044.401711
3102.055330 -1205.515712
3170.470507 -946.846468
3125.927536 -890.857204
1803.297053 -782.346067
2009.663877 -913.917568
1872.064521 -772.659605
3558.571340 -1225.200241
2026.683392 -753.638979
3250.389759 -1020.023848
1968.400540 -553.572122
2290.366935 -900.491761
2328.221143 -818.219940
1881.678302 -634.538487
2309.313199 -739.660592
2301.107855 -700.889412
3876.621701 -1123.894098
