0.000000 300.000000 300.000000
0.000500 299.975000 300.425000
0.001000 299.949894 300.850006
0.001500 299.924681 301.275019
0.002000 299.899362 301.700038
0.002500 299.873937 302.125063
0.003000 299.848406 302.550094
0.003500 299.822769 302.975132
0.004000 299.797025 303.400176
0.004500 299.771175 303.825227
0.005000 299.745219 304.250284
0.005500 299.719156 304.675348
0.006000 299.692987 305.100418
0.006500 299.666712 305.525495
0.007000 299.640331 305.950578
0.007500 299.613843 306.375668
0.008000 299.587249 306.800765
0.008500 299.560549 307.225868
0.009000 299.533742 307.650978
0.009500 299.506830 308.076094
0.010000 299.479811 308.501218
0.010500 299.452685 308.926348
0.011000 299.425454 309.351485
0.011500 299.398116 309.776628
0.012000 299.370672 310.201779
0.012500 299.343121 310.626936
0.013000 299.315465 311.052100
0.013500 299.287702 311.477271
0.014000 299.259832 311.902450
0.014500 299.231857 312.327635
0.015000 299.203775 312.752827
0.015500 299.175587 313.178026
0.016000 299.147292 313.603232
0.016500 299.118891 314.028445
0.017000 299.090384 314.453665
0.017500 299.061771 314.878893
0.018000 299.033051 315.304127
0.018500 299.004225 315.729369
0.019000 298.975293 316.154618
0.019500 298.946254 316.579874
0.020000 298.917109 317.005137
0.020500 298.887858 317.430408
0.021000 298.858500 317.855686
0.021500 298.829036 318.280972
0.022000 298.799466 318.706264
0.022500 298.769789 319.131564
0.023000 298.740006 319.556872
0.023500 298.710117 319.982187
0.024000 298.680122 320.407510
0.024500 298.650020 320.832839
0.025000 298.619812 321.258177
0.025500 298.589497 321.683522
0.026000 298.559076 322.108875
0.026500 298.528549 322.534235
0.027000 298.497915 322.959603
0.027500 298.467175 323.384978
0.028000 298.436329 323.810361
0.028500 298.405377 324.235752
0.029000 298.374318 324.661151
0.029500 298.343152 325.086557
0.030000 298.311881 325.511972
0.030500 298.280503 325.937394
0.031000 298.249018 326.362824
0.031500 298.217428 326.788261
0.032000 298.185731 327.213707
0.032500 298.153927 327.639161
0.033000 298.122017 328.064622
0.033500 298.090001 328.490092
0.034000 298.057879 328.915569
0.034500 298.025650 329.341055
0.035000 297.993315 329.766548
0.035500 297.960873 330.192050
0.036000 297.928325 330.617560
0.036500 297.895671 331.043078
0.037000 297.862910 331.468604
0.037500 297.830043 331.894138
0.038000 297.797069 332.319680
0.038500 297.763989 332.745231
0.039000 297.730803 333.170790
0.039500 297.697510 333.596357
0.040000 297.664111 334.021933
0.040500 297.630606 334.447517
0.041000 297.596994 334.873109
0.041500 297.563275 335.298710
0.042000 297.529451 335.724319
0.042500 297.495520 336.149937
0.043000 297.461482 336.575563
0.043500 297.427338 337.001198
0.044000 297.393088 337.426841
0.044500 297.358731 337.852493
0.045000 297.324268 338.278153
0.045500 297.289699 338.703822
0.046000 297.255023 339.129499
0.046500 297.220240 339.555186
0.047000 297.185352 339.980881
0.047500 297.150356 340.406584
0.048000 297.115255 340.832297
0.048500 297.080047 341.258018
0.049000 297.044732 341.683748
0.049500 297.009311 342.109487
0.050000 296.973784 342.535234
0.050500 296.938150 342.960991
0.051000 296.902410 343.386756
0.051500 296.866563 343.812531
0.052000 296.830610 344.238314
0.052500 296.794550 344.664106
0.053000 296.758384 345.089908
0.053500 296.722112 345.515718
0.054000 296.685733 345.941538
0.054500 296.649248 346.367366
0.055000 296.612656 346.793204
0.055500 296.575957 347.219051
0.056000 296.539153 347.644907
0.056500 296.502241 348.070772
0.057000 296.465224 348.496646
0.057500 296.428100 348.922530
0.058000 296.390869 349.348423
0.058500 296.353532 349.774325
0.059000 296.316088 350.200237
0.059500 296.278538 350.626158
0.060000 296.240882 351.052088
0.060500 296.203119 351.478028
0.061000 296.165249 351.903977
0.061500 296.127273 352.329936
0.062000 296.089191 352.755904
0.062500 296.051002 353.181882
0.063000 296.012706 353.607869
0.063500 295.974304 354.033866
0.064000 295.935796 354.459872
0.064500 295.897181 354.885888
0.065000 295.858459 355.311914
0.065500 295.819631 355.737950
0.066000 295.780697 356.163995
0.066500 295.741656 356.590049
0.067000 295.702508 357.016114
0.067500 295.663254 357.442188
0.068000 295.623894 357.868273
0.068500 295.584427 358.294367
0.069000 295.544853 358.720471
0.069500 295.505173 359.146584
0.070000 295.465386 359.572708
0.070500 295.425493 359.998842
0.071000 295.385493 360.424985
0.071500 295.345387 360.851139
0.072000 295.305174 361.277303
0.072500 295.264855 361.703476
0.073000 295.224429 362.129660
0.073500 295.183897 362.555854
0.074000 295.143258 362.982058
0.074500 295.102512 363.408272
0.075000 295.061660 363.834497
0.075500 295.020702 364.260731
0.076000 294.979636 364.686976
0.076500 294.938465 365.113231
0.077000 294.897186 365.539496
0.077500 294.855802 365.965772
0.078000 294.814310 366.392058
0.078500 294.772712 366.818355
0.079000 294.731007 367.244661
0.079500 294.689196 367.670979
0.080000 294.647279 368.097306
0.080500 294.605254 368.523645
0.081000 294.563123 368.949993
0.081500 294.520886 369.376352
0.082000 294.478542 369.802722
0.082500 294.436091 370.229103
0.083000 294.393534 370.655494
0.083500 294.350870 371.081895
0.084000 294.308099 371.508307
0.084500 294.265222 371.934730
0.085000 294.222239 372.361164
0.085500 294.179148 372.787609
0.086000 294.135951 373.214064
0.086500 294.092648 373.640530
0.087000 294.049238 374.067007
0.087500 294.005721 374.493494
0.088000 293.962098 374.919993
0.088500 293.918368 375.346502
0.089000 293.874531 375.773023
0.089500 293.830588 376.199554
0.090000 293.786538 376.626097
0.090500 293.742381 377.052650
0.091000 293.698118 377.479214
0.091500 293.653748 377.905790
0.092000 293.609272 378.332376
0.092500 293.564689 378.758974
0.093000 293.519999 379.185583
0.093500 293.475203 379.612203
0.094000 293.430300 380.038834
0.094500 293.385290 380.465476
0.095000 293.340174 380.892130
0.095500 293.294951 381.318795
0.096000 293.249621 381.745471
0.096500 293.204185 382.172159
0.097000 293.158641 382.598858
0.097500 293.112992 383.025568
0.098000 293.067235 383.452290
0.098500 293.021372 383.879023
0.099000 292.975403 384.305768
0.099500 292.929326 384.732524
0.100000 292.883143 385.159292
0.100500 292.836853 385.586071
0.101000 292.790457 386.012862
0.101500 292.743953 386.439664
0.102000 292.697344 386.866478
0.102500 292.650627 387.293304
0.103000 292.603804 387.720141
0.103500 292.556874 388.146990
0.104000 292.509837 388.573851
0.104500 292.462693 389.000723
0.105000 292.415443 389.427608
0.105500 292.368086 389.854504
0.106000 292.320623 390.281412
0.106500 292.273052 390.708332
0.107000 292.225375 391.135263
0.107500 292.177591 391.562207
0.108000 292.129701 391.989163
0.108500 292.081704 392.416130
0.109000 292.033599 392.843110
0.109500 291.985389 393.270101
0.110000 291.937071 393.697105
0.110500 291.888647 394.124121
0.111000 291.840116 394.551149
0.111500 291.791478 394.978189
0.112000 291.742734 395.405241
0.112500 291.693882 395.832305
0.113000 291.644924 396.259382
0.113500 291.595859 396.686470
0.114000 291.546688 397.113571
0.114500 291.497409 397.540685
0.115000 291.448024 397.967810
0.115500 291.398532 398.394948
0.116000 291.348933 398.822099
0.116500 291.299228 399.249262
0.117000 291.249416 399.676437
0.117500 291.199496 400.103624
0.118000 291.149471 400.530825
0.118500 291.099338 400.958037
0.119000 291.049098 401.385262
0.119500 290.998752 401.812500
0.120000 290.948299 402.239750
0.120500 290.897739 402.667013
0.121000 290.847072 403.094289
0.121500 290.796299 403.521577
0.122000 290.745418 403.948878
0.122500 290.694431 404.376192
0.123000 290.643337 404.803518
0.123500 290.592136 405.230857
0.124000 290.540828 405.658209
0.124500 290.489414 406.085574
0.125000 290.437892 406.512952
0.125500 290.386264 406.940342
0.126000 290.334529 407.367746
0.126500 290.282687 407.795162
0.127000 290.230738 408.222591
0.127500 290.178683 408.650034
0.128000 290.126520 409.077489
0.128500 290.074251 409.504957
0.129000 290.021875 409.932439
0.129500 289.969392 410.359933
0.130000 289.916802 410.787441
0.130500 289.864105 411.214962
0.131000 289.811301 411.642496
0.131500 289.758390 412.070043
0.132000 289.705373 412.497603
0.132500 289.652248 412.925177
0.133000 289.599017 413.352764
0.133500 289.545679 413.780364
0.134000 289.492234 414.207978
0.134500 289.438682 414.635605
0.135000 289.385023 415.063245
0.135500 289.331257 415.490899
0.136000 289.277384 415.918566
0.136500 289.223405 416.346247
0.137000 289.169318 416.773941
0.137500 289.115125 417.201648
0.138000 289.060824 417.629370
0.138500 289.006417 418.057104
0.139000 288.951903 418.484853
0.139500 288.897281 418.912615
0.140000 288.842553 419.340390
0.140500 288.787718 419.768180
0.141000 288.732776 420.195983
0.141500 288.677727 420.623800
0.142000 288.622571 421.051630
0.142500 288.567308 421.479475
0.143000 288.511938 421.907333
0.143500 288.456462 422.335205
0.144000 288.400878 422.763091
0.144500 288.345187 423.190990
0.145000 288.289389 423.618904
0.145500 288.233485 424.046832
0.146000 288.177473 424.474773
0.146500 288.121354 424.902729
0.147000 288.065128 425.330699
0.147500 288.008796 425.758682
0.148000 287.952356 426.186680
0.148500 287.895809 426.614692
0.149000 287.839156 427.042718
0.149500 287.782395 427.470758
0.150000 287.725527 427.898813
0.150500 287.668553 428.326881
0.151000 287.611471 428.754964
0.151500 287.554282 429.183061
0.152000 287.496987 429.611173
0.152500 287.439584 430.039299
0.153000 287.382074 430.467439
0.153500 287.324457 430.895593
0.154000 287.266733 431.323762
0.154500 287.208902 431.751945
0.155000 287.150964 432.180143
0.155500 287.092919 432.608355
0.156000 287.034767 433.036582
0.156500 286.976508 433.464824
0.157000 286.918142 433.893079
0.157500 286.859668 434.321350
0.158000 286.801088 434.749635
0.158500 286.742401 435.177935
0.159000 286.683606 435.606249
0.159500 286.624705 436.034578
0.160000 286.565696 436.462922
0.160500 286.506580 436.891281
0.161000 286.447357 437.319654
0.161500 286.388028 437.748042
0.162000 286.328591 438.176445
0.162500 286.269046 438.604863
0.163000 286.209395 439.033296
0.163500 286.149637 439.461743
0.164000 286.089771 439.890206
0.164500 286.029799 440.318683
0.165000 285.969719 440.747176
0.165500 285.909532 441.175684
0.166000 285.849239 441.604206
0.166500 285.788837 442.032744
0.167000 285.728329 442.461297
0.167500 285.667714 442.889865
0.168000 285.606991 443.318448
0.168500 285.546162 443.747046
0.169000 285.485225 444.175659
0.169500 285.424181 444.604288
0.170000 285.363030 445.032932
0.170500 285.301772 445.461591
0.171000 285.240407 445.890266
0.171500 285.178934 446.318956
0.172000 285.117354 446.747661
0.172500 285.055667 447.176382
0.173000 284.993873 447.605118
0.173500 284.931972 448.033869
0.174000 284.869963 448.462636
0.174500 284.807848 448.891419
0.175000 284.745625 449.320217
0.175500 284.683295 449.749030
0.176000 284.620858 450.177860
0.176500 284.558313 450.606704
0.177000 284.495661 451.035565
0.177500 284.432903 451.464441
0.178000 284.370036 451.893333
0.178500 284.307063 452.322240
0.179000 284.243983 452.751163
0.179500 284.180795 453.180102
0.180000 284.117500 453.609057
0.180500 284.054097 454.038028
0.181000 283.990588 454.467014
0.181500 283.926971 454.896017
0.182000 283.863247 455.325035
0.182500 283.799416 455.754069
0.183000 283.735477 456.183119
0.183500 283.671432 456.612185
0.184000 283.607279 457.041268
0.184500 283.543018 457.470366
0.185000 283.478651 457.899480
0.185500 283.414176 458.328610
0.186000 283.349594 458.757757
0.186500 283.284904 459.186919
0.187000 283.220108 459.616098
0.187500 283.155204 460.045293
0.188000 283.090192 460.474504
0.188500 283.025074 460.903732
0.189000 282.959848 461.332975
0.189500 282.894514 461.762236
0.190000 282.829074 462.191512
0.190500 282.763526 462.620805
0.191000 282.697871 463.050114
0.191500 282.632108 463.479439
0.192000 282.566238 463.908781
0.192500 282.500261 464.338140
0.193000 282.434177 464.767515
0.193500 282.367985 465.196906
0.194000 282.301686 465.626314
0.194500 282.235279 466.055739
0.195000 282.168765 466.485180
0.195500 282.102144 466.914638
0.196000 282.035415 467.344112
0.196500 281.968579 467.773603
0.197000 281.901636 468.203111
0.197500 281.834585 468.632636
0.198000 281.767427 469.062177
0.198500 281.700161 469.491735
0.199000 281.632788 469.921310
0.199500 281.565308 470.350902
0.200000 281.497720 470.780511
0.200500 281.430025 471.210136
0.201000 281.362222 471.639779
0.201500 281.294313 472.069438
0.202000 281.226295 472.499115
0.202500 281.158170 472.928808
0.203000 281.089938 473.358518
0.203500 281.021599 473.788246
0.204000 280.953152 474.217991
0.204500 280.884597 474.647752
0.205000 280.815935 475.077531
0.205500 280.747166 475.507327
0.206000 280.678289 475.937140
0.206500 280.609305 476.366971
0.207000 280.540213 476.796818
0.207500 280.471014 477.226683
0.208000 280.401707 477.656566
0.208500 280.332293 478.086465
0.209000 280.262771 478.516382
0.209500 280.193142 478.946316
0.210000 280.123406 479.376268
0.210500 280.053561 479.806237
0.211000 279.983610 480.236224
0.211500 279.913551 480.666228
0.212000 279.843384 481.096250
0.212500 279.773110 481.526289
0.213000 279.702729 481.956346
0.213500 279.632240 482.386420
0.214000 279.561643 482.816512
0.214500 279.490939 483.246621
0.215000 279.420127 483.676749
0.215500 279.349208 484.106894
0.216000 279.278181 484.537056
0.216500 279.207047 484.967237
0.217000 279.135805 485.397435
0.217500 279.064456 485.827651
0.218000 278.992999 486.257885
0.218500 278.921434 486.688137
0.219000 278.849762 487.118406
0.219500 278.777983 487.548694
0.220000 278.706096 487.978999
0.220500 278.634101 488.409323
0.221000 278.561999 488.839664
0.221500 278.489789 489.270024
0.222000 278.417471 489.700401
0.222500 278.345046 490.130797
0.223000 278.272513 490.561211
0.223500 278.199873 490.991643
0.224000 278.127125 491.422093
0.224500 278.054270 491.852561
0.225000 277.981306 492.283047
0.225500 277.908236 492.713552
0.226000 277.835057 493.144075
0.226500 277.761771 493.574616
0.227000 277.688378 494.005176
0.227500 277.614876 494.435754
0.228000 277.541267 494.866350
0.228500 277.467551 495.296965
0.229000 277.393727 495.727598
0.229500 277.319795 496.158249
0.230000 277.245755 496.588919
0.230500 277.171608 497.019608
0.231000 277.097353 497.450315
0.231500 277.022990 497.881041
0.232000 276.948520 498.311785
0.232500 276.873942 498.742548
0.233000 276.799257 499.173329
0.233500 276.724463 499.604129
0.234000 276.649562 500.034948
0.234500 276.574553 500.465786
0.235000 276.499437 500.896642
0.235500 276.424213 501.327517
0.236000 276.348881 501.758411
0.236500 276.273441 502.189324
0.237000 276.197894 502.620256
0.237500 276.122239 503.051206
0.238000 276.046476 503.482176
0.238500 275.970606 503.913164
0.239000 275.894627 504.344172
0.239500 275.818541 504.775198
0.240000 275.742348 505.206243
0.240500 275.666046 505.637308
0.241000 275.589637 506.068391
0.241500 275.513120 506.499494
0.242000 275.436495 506.930615
0.242500 275.359762 507.361756
0.243000 275.282922 507.792916
0.243500 275.205973 508.224096
0.244000 275.128917 508.655294
0.244500 275.051753 509.086512
0.245000 274.974482 509.517749
0.245500 274.897102 509.949005
0.246000 274.819615 510.380281
0.246500 274.742020 510.811576
0.247000 274.664317 511.242891
0.247500 274.586506 511.674225
0.248000 274.508588 512.105578
0.248500 274.430562 512.536951
0.249000 274.352427 512.968343
0.249500 274.274185 513.399755
0.250000 274.195835 513.831187
0.250500 274.117377 514.262638
0.251000 274.038812 514.694108
0.251500 273.960138 515.125599
0.252000 273.881357 515.557108
0.252500 273.802468 515.988638
0.253000 273.723470 516.420188
0.253500 273.644365 516.851757
0.254000 273.565152 517.283346
0.254500 273.485832 517.714954
0.255000 273.406403 518.146583
0.255500 273.326866 518.578231
0.256000 273.247222 519.009900
0.256500 273.167469 519.441588
0.257000 273.087609 519.873296
0.257500 273.007640 520.305024
0.258000 272.927564 520.736772
0.258500 272.847380 521.168540
0.259000 272.767088 521.600328
0.259500 272.686688 522.032137
0.260000 272.606180 522.463965
0.260500 272.525564 522.895813
0.261000 272.444840 523.327682
0.261500 272.364008 523.759571
0.262000 272.283068 524.191480
0.262500 272.202020 524.623409
0.263000 272.120864 525.055358
0.263500 272.039600 525.487328
0.264000 271.958229 525.919318
0.264500 271.876749 526.351329
0.265000 271.795161 526.783360
0.265500 271.713465 527.215411
0.266000 271.631661 527.647482
0.266500 271.549749 528.079574
0.267000 271.467730 528.511687
0.267500 271.385602 528.943820
0.268000 271.303366 529.375974
0.268500 271.221022 529.808148
0.269000 271.138570 530.240343
0.269500 271.056010 530.672558
0.270000 270.973341 531.104794
0.270500 270.890565 531.537051
0.271000 270.807681 531.969328
0.271500 270.724689 532.401626
0.272000 270.641588 532.833945
0.272500 270.558380 533.266285
0.273000 270.475063 533.698645
0.273500 270.391638 534.131026
0.274000 270.308106 534.563428
0.274500 270.224465 534.995851
0.275000 270.140716 535.428295
0.275500 270.056859 535.860760
0.276000 269.972894 536.293246
0.276500 269.888820 536.725752
0.277000 269.804639 537.158280
0.277500 269.720349 537.590829
0.278000 269.635952 538.023399
0.278500 269.551446 538.455990
0.279000 269.466832 538.888602
0.279500 269.382110 539.321235
0.280000 269.297279 539.753890
0.280500 269.212341 540.186566
0.281000 269.127294 540.619263
0.281500 269.042139 541.051981
0.282000 268.956876 541.484720
0.282500 268.871505 541.917481
0.283000 268.786026 542.350263
0.283500 268.700438 542.783067
0.284000 268.614742 543.215891
0.284500 268.528939 543.648738
0.285000 268.443026 544.081606
0.285500 268.357006 544.514495
0.286000 268.270877 544.947406
0.286500 268.184640 545.380338
0.287000 268.098295 545.813292
0.287500 268.011842 546.246267
0.288000 267.925280 546.679264
0.288500 267.838611 547.112283
0.289000 267.751833 547.545323
0.289500 267.664946 547.978385
0.290000 267.577952 548.411469
0.290500 267.490849 548.844574
0.291000 267.403638 549.277702
0.291500 267.316318 549.710851
0.292000 267.228891 550.144022
0.292500 267.141354 550.577215
0.293000 267.053710 551.010429
0.293500 266.965958 551.443666
0.294000 266.878097 551.876924
0.294500 266.790127 552.310205
0.295000 266.702050 552.743507
0.295500 266.613864 553.176832
0.296000 266.525570 553.610178
0.296500 266.437167 554.043547
0.297000 266.348656 554.476938
0.297500 266.260037 554.910350
0.298000 266.171310 555.343785
0.298500 266.082474 555.777243
0.299000 265.993529 556.210722
0.299500 265.904477 556.644224
0.300000 265.815316 557.077747
0.300500 265.726046 557.511294
0.301000 265.636668 557.944862
0.301500 265.547182 558.378453
0.302000 265.457587 558.812066
0.302500 265.367884 559.245702
0.303000 265.278073 559.679360
0.303500 265.188153 560.113040
0.304000 265.098125 560.546743
0.304500 265.007988 560.980469
0.305000 264.917743 561.414217
0.305500 264.827390 561.847987
0.306000 264.736928 562.281780
0.306500 264.646357 562.715596
0.307000 264.555678 563.149435
0.307500 264.464891 563.583296
0.308000 264.373995 564.017179
0.308500 264.282991 564.451086
0.309000 264.191878 564.885015
0.309500 264.100657 565.318967
0.310000 264.009327 565.752942
0.310500 263.917889 566.186940
0.311000 263.826342 566.620960
0.311500 263.734687 567.055004
0.312000 263.642923 567.489070
0.312500 263.551051 567.923159
0.313000 263.459070 568.357272
0.313500 263.366981 568.791407
0.314000 263.274783 569.225565
0.314500 263.182476 569.659746
0.315000 263.090061 570.093951
0.315500 262.997538 570.528178
0.316000 262.904906 570.962429
0.316500 262.812165 571.396703
0.317000 262.719316 571.831000
0.317500 262.626358 572.265320
0.318000 262.533292 572.699663
0.318500 262.440117 573.134030
0.319000 262.346834 573.568420
0.319500 262.253442 574.002833
0.320000 262.159941 574.437270
0.320500 262.066332 574.871730
0.321000 261.972614 575.306213
0.321500 261.878787 575.740720
0.322000 261.784852 576.175250
0.322500 261.690808 576.609804
0.323000 261.596656 577.044381
0.323500 261.502394 577.478982
0.324000 261.408025 577.913607
0.324500 261.313546 578.348255
0.325000 261.218959 578.782926
0.325500 261.124264 579.217621
0.326000 261.029459 579.652340
0.326500 260.934546 580.087083
0.327000 260.839524 580.521849
0.327500 260.744394 580.956640
0.328000 260.649155 581.391453
0.328500 260.553807 581.826291
0.329000 260.458350 582.261153
0.329500 260.362785 582.696038
0.330000 260.267111 583.130947
0.330500 260.171328 583.565881
0.331000 260.075437 584.000838
0.331500 259.979437 584.435819
0.332000 259.883328 584.870824
0.332500 259.787110 585.305853
0.333000 259.690783 585.740906
0.333500 259.594348 586.175984
0.334000 259.497804 586.611085
0.334500 259.401151 587.046211
0.335000 259.304390 587.481360
0.335500 259.207520 587.916534
0.336000 259.110540 588.351732
0.336500 259.013452 588.786955
0.337000 258.916256 589.222201
0.337500 258.818950 589.657472
0.338000 258.721536 590.092768
0.338500 258.624013 590.528087
0.339000 258.526381 590.963431
0.339500 258.428640 591.398800
0.340000 258.330790 591.834193
0.340500 258.232831 592.269610
0.341000 258.134764 592.705052
0.341500 258.036588 593.140518
0.342000 257.938303 593.576009
0.342500 257.839909 594.011524
0.343000 257.741406 594.447064
0.343500 257.642794 594.882629
0.344000 257.544073 595.318218
0.344500 257.445244 595.753832
0.345000 257.346305 596.189471
0.345500 257.247258 596.625134
0.346000 257.148102 597.060822
0.346500 257.048836 597.496535
0.347000 256.949462 597.932273
0.347500 256.849979 598.368036
0.348000 256.750387 598.803823
0.348500 256.650686 599.239636
0.349000 256.550876 599.675473
0.349500 256.450958 600.111335
0.350000 256.350930 600.547223
0.350500 256.250793 600.983135
0.351000 256.150547 601.419072
0.351500 256.050192 601.855035
0.352000 255.949729 602.291022
0.352500 255.849156 602.727035
0.353000 255.748474 603.163072
0.353500 255.647683 603.599135
0.354000 255.546784 604.035223
0.354500 255.445775 604.471337
0.355000 255.344657 604.907475
0.355500 255.243430 605.343639
0.356000 255.142094 605.779828
0.356500 255.040649 606.216043
0.357000 254.939095 606.652282
0.357500 254.837432 607.088548
0.358000 254.735660 607.524838
0.358500 254.633779 607.961154
0.359000 254.531788 608.397496
0.359500 254.429689 608.833863
0.360000 254.327481 609.270256
0.360500 254.225163 609.706674
0.361000 254.122736 610.143117
0.361500 254.020201 610.579587
0.362000 253.917556 611.016082
0.362500 253.814802 611.452602
0.363000 253.711939 611.889149
0.363500 253.608966 612.325721
0.364000 253.505885 612.762318
0.364500 253.402694 613.198942
0.365000 253.299394 613.635591
0.365500 253.195986 614.072266
0.366000 253.092468 614.508967
0.366500 252.988840 614.945694
0.367000 252.885104 615.382447
0.367500 252.781258 615.819226
0.368000 252.677303 616.256030
0.368500 252.573239 616.692861
0.369000 252.469066 617.129718
0.369500 252.364784 617.566601
0.370000 252.260392 618.003509
0.370500 252.155891 618.440444
0.371000 252.051281 618.877405
0.371500 251.946562 619.314392
0.372000 251.841733 619.751406
0.372500 251.736795 620.188445
0.373000 251.631748 620.625511
0.373500 251.526592 621.062603
0.374000 251.421326 621.499722
0.374500 251.315951 621.936866
0.375000 251.210467 622.374037
0.375500 251.104874 622.811235
0.376000 250.999171 623.248458
0.376500 250.893359 623.685709
0.377000 250.787437 624.122985
0.377500 250.681406 624.560288
0.378000 250.575266 624.997618
0.378500 250.469017 625.434974
0.379000 250.362658 625.872357
0.379500 250.256190 626.309766
0.380000 250.149613 626.747202
0.380500 250.042926 627.184665
0.381000 249.936130 627.622154
0.381500 249.829224 628.059670
0.382000 249.722209 628.497213
0.382500 249.615085 628.934782
0.383000 249.507851 629.372379
0.383500 249.400508 629.810002
0.384000 249.293056 630.247651
0.384500 249.185494 630.685328
0.385000 249.077822 631.123032
0.385500 248.970042 631.560762
0.386000 248.862151 631.998520
0.386500 248.754152 632.436304
0.387000 248.646043 632.874116
0.387500 248.537824 633.311954
0.388000 248.429496 633.749820
0.388500 248.321059 634.187712
0.389000 248.212512 634.625632
0.389500 248.103855 635.063579
0.390000 247.995090 635.501553
0.390500 247.886214 635.939554
0.391000 247.777229 636.377583
0.391500 247.668135 636.815638
0.392000 247.558931 637.253721
0.392500 247.449618 637.691832
0.393000 247.340195 638.129969
0.393500 247.230662 638.568134
0.394000 247.121020 639.006327
0.394500 247.011269 639.444546
0.395000 246.901407 639.882793
0.395500 246.791437 640.321068
0.396000 246.681356 640.759370
0.396500 246.571167 641.197700
0.397000 246.460867 641.636057
0.397500 246.350458 642.074442
0.398000 246.239940 642.512854
0.398500 246.129311 642.951294
0.399000 246.018573 643.389762
0.399500 245.907726 643.828257
0.400000 245.796769 644.266780
0.400500 245.685702 644.705331
0.401000 245.574526 645.143910
0.401500 245.463240 645.582516
0.402000 245.351844 646.021150
0.402500 245.240339 646.459812
0.403000 245.128724 646.898502
0.403500 245.016999 647.337220
0.404000 244.905165 647.775966
0.404500 244.793221 648.214740
0.405000 244.681167 648.653541
0.405500 244.569004 649.092371
0.406000 244.456731 649.531229
0.406500 244.344348 649.970115
0.407000 244.231856 650.409028
0.407500 244.119253 650.847970
0.408000 244.006541 651.286941
0.408500 243.893720 651.725939
0.409000 243.780788 652.164966
0.409500 243.667747 652.604020
0.410000 243.554596 653.043103
0.410500 243.441335 653.482215
0.411000 243.327965 653.921354
0.411500 243.214484 654.360522
0.412000 243.100894 654.799719
0.412500 242.987194 655.238944
0.413000 242.873384 655.678197
0.413500 242.759465 656.117478
0.414000 242.645436 656.556789
0.414500 242.531296 656.996127
0.415000 242.417047 657.435494
0.415500 242.302688 657.874890
0.416000 242.188220 658.314315
0.416500 242.073641 658.753767
0.417000 241.958953 659.193249
0.417500 241.844154 659.632759
0.418000 241.729246 660.072298
0.418500 241.614228 660.511866
0.419000 241.499100 660.951462
0.419500 241.383862 661.391088
0.420000 241.268515 661.830742
0.420500 241.153057 662.270425
0.421000 241.037489 662.710136
0.421500 240.921812 663.149877
0.422000 240.806024 663.589646
0.422500 240.690127 664.029445
0.423000 240.574119 664.469272
0.423500 240.458002 664.909129
0.424000 240.341775 665.349014
0.424500 240.225438 665.788929
0.425000 240.108990 666.228873
0.425500 239.992433 666.668845
0.426000 239.875766 667.108847
0.426500 239.758989 667.548878
0.427000 239.642102 667.988939
0.427500 239.525104 668.429028
0.428000 239.407997 668.869147
0.428500 239.290780 669.309295
0.429000 239.173452 669.749472
0.429500 239.056015 670.189679
0.430000 238.938468 670.629915
0.430500 238.820810 671.070180
0.431000 238.703043 671.510475
0.431500 238.585165 671.950799
0.432000 238.467177 672.391153
0.432500 238.349080 672.831536
0.433000 238.230872 673.271949
0.433500 238.112554 673.712391
0.434000 237.994126 674.152863
0.434500 237.875587 674.593364
0.435000 237.756939 675.033895
0.435500 237.638181 675.474456
0.436000 237.519312 675.915047
0.436500 237.400333 676.355667
0.437000 237.281244 676.796317
0.437500 237.162045 677.236996
0.438000 237.042736 677.677706
0.438500 236.923316 678.118445
0.439000 236.803787 678.559214
0.439500 236.684147 679.000013
0.440000 236.564397 679.440842
0.440500 236.444537 679.881701
0.441000 236.324566 680.322590
0.441500 236.204486 680.763509
0.442000 236.084295 681.204458
0.442500 235.963994 681.645437
0.443000 235.843582 682.086446
0.443500 235.723061 682.527485
0.444000 235.602429 682.968554
0.444500 235.481687 683.409654
0.445000 235.360834 683.850783
0.445500 235.239872 684.291943
0.446000 235.118799 684.733133
0.446500 234.997615 685.174353
0.447000 234.876322 685.615604
0.447500 234.754918 686.056885
0.448000 234.633404 686.498196
0.448500 234.511779 686.939538
0.449000 234.390044 687.380910
0.449500 234.268199 687.822312
0.450000 234.146243 688.263745
0.450500 234.024178 688.705209
0.451000 233.902001 689.146703
0.451500 233.779715 689.588227
0.452000 233.657317 690.029782
0.452500 233.534810 690.471368
0.453000 233.412192 690.912984
0.453500 233.289464 691.354631
0.454000 233.166625 691.796309
0.454500 233.043676 692.238017
0.455000 232.920617 692.679756
0.455500 232.797447 693.121526
0.456000 232.674166 693.563327
0.456500 232.550776 694.005158
0.457000 232.427274 694.447020
0.457500 232.303663 694.888914
0.458000 232.179940 695.330838
0.458500 232.056108 695.772793
0.459000 231.932164 696.214779
0.459500 231.808111 696.656796
0.460000 231.683946 697.098844
0.460500 231.559672 697.540923
0.461000 231.435287 697.983033
0.461500 231.310791 698.425174
0.462000 231.186185 698.867346
0.462500 231.061468 699.309550
0.463000 230.936640 699.751784
0.463500 230.811702 700.194050
0.464000 230.686654 700.636347
0.464500 230.561495 701.078676
0.465000 230.436225 701.521035
0.465500 230.310845 701.963426
0.466000 230.185354 702.405848
0.466500 230.059752 702.848302
0.467000 229.934040 703.290787
0.467500 229.808218 703.733304
0.468000 229.682284 704.175852
0.468500 229.556240 704.618431
0.469000 229.430086 705.061042
0.469500 229.303821 705.503684
0.470000 229.177445 705.946358
0.470500 229.050958 706.389064
0.471000 228.924361 706.831801
0.471500 228.797653 707.274570
0.472000 228.670834 707.717371
0.472500 228.543905 708.160203
0.473000 228.416865 708.603067
0.473500 228.289714 709.045963
0.474000 228.162453 709.488890
0.474500 228.035080 709.931850
0.475000 227.907597 710.374841
0.475500 227.780004 710.817864
0.476000 227.652299 711.260919
0.476500 227.524484 711.704006
0.477000 227.396558 712.147125
0.477500 227.268521 712.590276
0.478000 227.140374 713.033459
0.478500 227.012115 713.476674
0.479000 226.883746 713.919921
0.479500 226.755266 714.363200
0.480000 226.626675 714.806511
0.480500 226.497974 715.249854
0.481000 226.369161 715.693230
0.481500 226.240238 716.136637
0.482000 226.111204 716.580077
0.482500 225.982059 717.023550
0.483000 225.852803 717.467054
0.483500 225.723436 717.910591
0.484000 225.593958 718.354160
0.484500 225.464370 718.797761
0.485000 225.334670 719.241395
0.485500 225.204860 719.685062
0.486000 225.074939 720.128761
0.486500 224.944907 720.572492
0.487000 224.814763 721.016256
0.487500 224.684509 721.460052
0.488000 224.554144 721.903881
0.488500 224.423668 722.347742
0.489000 224.293082 722.791636
0.489500 224.162384 723.235563
0.490000 224.031575 723.679522
0.490500 223.900655 724.123515
0.491000 223.769624 724.567539
0.491500 223.638482 725.011597
0.492000 223.507229 725.455687
0.492500 223.375865 725.899811
0.493000 223.244390 726.343967
0.493500 223.112804 726.788155
0.494000 222.981107 727.232377
0.494500 222.849299 727.676632
0.495000 222.717380 728.120920
0.495500 222.585350 728.565240
0.496000 222.453208 729.009594
0.496500 222.320956 729.453981
0.497000 222.188593 729.898400
0.497500 222.056118 730.342853
0.498000 221.923532 730.787339
0.498500 221.790835 731.231858
0.499000 221.658027 731.676411
0.499500 221.525108 732.120996
0.500000 221.392078 732.565615
0.500500 221.258937 733.010267
0.501000 221.125684 733.454952
0.501500 220.992320 733.899671
0.502000 220.858845 734.344423
0.502500 220.725259 734.789208
0.503000 220.591562 735.234027
0.503500 220.457754 735.678879
0.504000 220.323834 736.123764
0.504500 220.189803 736.568683
0.505000 220.055661 737.013636
0.505500 219.921407 737.458622
0.506000 219.787043 737.903642
0.506500 219.652567 738.348695
0.507000 219.517980 738.793782
0.507500 219.383281 739.238902
0.508000 219.248471 739.684056
0.508500 219.113550 740.129244
0.509000 218.978518 740.574466
0.509500 218.843374 741.019721
0.510000 218.708120 741.465010
0.510500 218.572753 741.910333
0.511000 218.437276 742.355690
0.511500 218.301687 742.801081
0.512000 218.165987 743.246505
0.512500 218.030175 743.691964
0.513000 217.894252 744.137456
0.513500 217.758218 744.582983
0.514000 217.622072 745.028543
0.514500 217.485815 745.474138
0.515000 217.349446 745.919766
0.515500 217.212966 746.365429
0.516000 217.076375 746.811126
0.516500 216.939672 747.256857
0.517000 216.802858 747.702622
0.517500 216.665932 748.148421
0.518000 216.528895 748.594255
0.518500 216.391747 749.040122
0.519000 216.254486 749.486024
0.519500 216.117115 749.931961
0.520000 215.979632 750.377931
0.520500 215.842037 750.823937
0.521000 215.704332 751.269976
0.521500 215.566514 751.716050
0.522000 215.428585 752.162158
0.522500 215.290544 752.608301
0.523000 215.152392 753.054479
0.523500 215.014129 753.500690
0.524000 214.875754 753.946937
0.524500 214.737267 754.393218
0.525000 214.598669 754.839534
0.525500 214.459959 755.285884
0.526000 214.321137 755.732269
0.526500 214.182204 756.178689
0.527000 214.043159 756.625143
0.527500 213.904003 757.071632
0.528000 213.764735 757.518156
0.528500 213.625356 757.964715
0.529000 213.485865 758.411309
0.529500 213.346262 758.857937
0.530000 213.206547 759.304601
0.530500 213.066721 759.751299
0.531000 212.926783 760.198032
0.531500 212.786734 760.644801
0.532000 212.646573 761.091604
0.532500 212.506300 761.538442
0.533000 212.365915 761.985316
0.533500 212.225419 762.432224
0.534000 212.084811 762.879168
0.534500 211.944091 763.326147
0.535000 211.803259 763.773161
0.535500 211.662316 764.220210
0.536000 211.521261 764.667294
0.536500 211.380094 765.114414
0.537000 211.238816 765.561569
0.537500 211.097425 766.008759
0.538000 210.955923 766.455985
0.538500 210.814309 766.903246
0.539000 210.672583 767.350542
0.539500 210.530746 767.797874
0.540000 210.388796 768.245242
0.540500 210.246735 768.692644
0.541000 210.104562 769.140083
0.541500 209.962277 769.587557
0.542000 209.819880 770.035066
0.542500 209.677371 770.482611
0.543000 209.534750 770.930192
0.543500 209.392018 771.377808
0.544000 209.249173 771.825460
0.544500 209.106217 772.273148
0.545000 208.963149 772.720871
0.545500 208.819968 773.168630
0.546000 208.676676 773.616425
0.546500 208.533272 774.064256
0.547000 208.389756 774.512123
0.547500 208.246128 774.960026
0.548000 208.102388 775.407964
0.548500 207.958536 775.855938
0.549000 207.814572 776.303949
0.549500 207.670496 776.751995
0.550000 207.526308 777.200077
0.550500 207.382008 777.648196
0.551000 207.237596 778.096350
0.551500 207.093072 778.544541
0.552000 206.948436 778.992768
0.552500 206.803688 779.441031
0.553000 206.658827 779.889330
0.553500 206.513855 780.337665
0.554000 206.368771 780.786037
0.554500 206.223574 781.234444
0.555000 206.078265 781.682888
0.555500 205.932845 782.131369
0.556000 205.787312 782.579886
0.556500 205.641667 783.028439
0.557000 205.495910 783.477028
0.557500 205.350041 783.925654
0.558000 205.204059 784.374317
0.558500 205.057966 784.823016
0.559000 204.911760 785.271751
0.559500 204.765442 785.720523
0.560000 204.619012 786.169332
0.560500 204.472469 786.618177
0.561000 204.325815 787.067059
0.561500 204.179048 787.515978
0.562000 204.032169 787.964933
0.562500 203.885178 788.413925
0.563000 203.738074 788.862954
0.563500 203.590859 789.312019
0.564000 203.443531 789.761121
0.564500 203.296090 790.210261
0.565000 203.148538 790.659437
0.565500 203.000873 791.108649
0.566000 202.853096 791.557899
0.566500 202.705206 792.007186
0.567000 202.557205 792.456510
0.567500 202.409090 792.905870
0.568000 202.260864 793.355268
0.568500 202.112525 793.804703
0.569000 201.964074 794.254175
0.569500 201.815510 794.703684
0.570000 201.666834 795.153230
0.570500 201.518046 795.602813
0.571000 201.369145 796.052434
0.571500 201.220132 796.502091
0.572000 201.071007 796.951786
0.572500 200.921769 797.401519
0.573000 200.772418 797.851288
0.573500 200.622956 798.301095
0.574000 200.473380 798.750939
0.574500 200.323693 799.200821
0.575000 200.173892 799.650740
0.575500 200.023980 800.100697
0.576000 199.873955 800.550691
0.576500 199.723817 801.000722
0.577000 199.573567 801.450791
0.577500 199.423204 801.900898
0.578000 199.272729 802.351042
0.578500 199.122141 802.801224
0.579000 198.971441 803.251443
0.579500 198.820628 803.701700
0.580000 198.669702 804.151995
0.580500 198.518664 804.602328
0.581000 198.367514 805.052698
0.581500 198.216251 805.503106
0.582000 198.064875 805.953552
0.582500 197.913387 806.404036
0.583000 197.761786 806.854558
0.583500 197.610072 807.305117
0.584000 197.458246 807.755715
0.584500 197.306307 808.206350
0.585000 197.154255 808.657023
0.585500 197.002091 809.107735
0.586000 196.849814 809.558484
0.586500 196.697424 810.009272
0.587000 196.544922 810.460098
0.587500 196.392307 810.910961
0.588000 196.239579 811.361863
0.588500 196.086739 811.812803
0.589000 195.933786 812.263782
0.589500 195.780720 812.714798
0.590000 195.627541 813.165853
0.590500 195.474249 813.616946
0.591000 195.320845 814.068078
0.591500 195.167328 814.519247
0.592000 195.013698 814.970456
0.592500 194.859956 815.421702
0.593000 194.706100 815.872987
0.593500 194.552132 816.324311
0.594000 194.398051 816.775673
0.594500 194.243857 817.227073
0.595000 194.089550 817.678512
0.595500 193.935131 818.129990
0.596000 193.780598 818.581506
0.596500 193.625953 819.033061
0.597000 193.471195 819.484654
0.597500 193.316323 819.936286
0.598000 193.161339 820.387957
0.598500 193.006242 820.839667
0.599000 192.851032 821.291416
0.599500 192.695710 821.743203
0.600000 192.540274 822.195029
0.600500 192.384725 822.646894
0.601000 192.229063 823.098798
0.601500 192.073289 823.550740
0.602000 191.917401 824.002722
0.602500 191.761400 824.454743
0.603000 191.605287 824.906802
0.603500 191.449060 825.358901
0.604000 191.292720 825.811039
0.604500 191.136267 826.263216
0.605000 190.979702 826.715431
0.605500 190.823023 827.167687
0.606000 190.666231 827.619981
0.606500 190.509326 828.072314
0.607000 190.352308 828.524687
0.607500 190.195177 828.977099
0.608000 190.037932 829.429550
0.608500 189.880575 829.882041
0.609000 189.723104 830.334570
0.609500 189.565521 830.787140
0.610000 189.407824 831.239748
0.610500 189.250014 831.692396
0.611000 189.092091 832.145084
0.611500 188.934055 832.597811
0.612000 188.775905 833.050577
0.612500 188.617643 833.503383
0.613000 188.459267 833.956229
0.613500 188.300778 834.409114
0.614000 188.142175 834.862039
0.614500 187.983460 835.315003
0.615000 187.824631 835.768007
0.615500 187.665689 836.221051
0.616000 187.506634 836.674135
0.616500 187.347465 837.127258
0.617000 187.188183 837.580421
0.617500 187.028788 838.033624
0.618000 186.869280 838.486867
0.618500 186.709658 838.940150
0.619000 186.549923 839.393472
0.619500 186.390075 839.846835
0.620000 186.230113 840.300237
0.620500 186.070038 840.753680
0.621000 185.909850 841.207162
0.621500 185.749548 841.660685
0.622000 185.589133 842.114247
0.622500 185.428604 842.567850
0.623000 185.267962 843.021493
0.623500 185.107207 843.475176
0.624000 184.946338 843.928899
0.624500 184.785356 844.382663
0.625000 184.624260 844.836466
0.625500 184.463051 845.290310
0.626000 184.301728 845.744194
0.626500 184.140292 846.198119
0.627000 183.978743 846.652084
0.627500 183.817080 847.106089
0.628000 183.655303 847.560135
0.628500 183.493413 848.014221
0.629000 183.331410 848.468348
0.629500 183.169293 848.922515
0.630000 183.007062 849.376723
0.630500 182.844718 849.830971
0.631000 182.682260 850.285260
0.631500 182.519689 850.739589
0.632000 182.357004 851.193959
0.632500 182.194205 851.648370
0.633000 182.031293 852.102821
0.633500 181.868268 852.557314
0.634000 181.705128 853.011847
0.634500 181.541875 853.466420
0.635000 181.378509 853.921035
0.635500 181.215028 854.375690
0.636000 181.051434 854.830386
0.636500 180.887727 855.285124
0.637000 180.723906 855.739902
0.637500 180.559971 856.194721
0.638000 180.395922 856.649581
0.638500 180.231760 857.104482
0.639000 180.067483 857.559424
0.639500 179.903094 858.014407
0.640000 179.738590 858.469431
0.640500 179.573973 858.924496
0.641000 179.409241 859.379603
0.641500 179.244397 859.834751
0.642000 179.079438 860.289940
0.642500 178.914365 860.745170
0.643000 178.749179 861.200441
0.643500 178.583879 861.655754
0.644000 178.418465 862.111108
0.644500 178.252937 862.566503
0.645000 178.087296 863.021940
0.645500 177.921540 863.477418
0.646000 177.755671 863.932938
0.646500 177.589688 864.388499
0.647000 177.423590 864.844101
0.647500 177.257379 865.299746
0.648000 177.091055 865.755431
0.648500 176.924616 866.211158
0.649000 176.758063 866.666927
0.649500 176.591396 867.122738
0.650000 176.424615 867.578590
0.650500 176.257721 868.034484
0.651000 176.090712 868.490419
0.651500 175.923590 868.946397
0.652000 175.756353 869.402416
0.652500 175.589002 869.858477
0.653000 175.421538 870.314579
0.653500 175.253959 870.770724
0.654000 175.086266 871.226911
0.654500 174.918460 871.683139
0.655000 174.750539 872.139409
0.655500 174.582504 872.595722
0.656000 174.414355 873.052076
0.656500 174.246092 873.508472
0.657000 174.077715 873.964911
0.657500 173.909224 874.421392
0.658000 173.740618 874.877914
0.658500 173.571899 875.334479
0.659000 173.403065 875.791086
0.659500 173.234118 876.247735
0.660000 173.065056 876.704427
0.660500 172.895880 877.161161
0.661000 172.726589 877.617937
0.661500 172.557185 878.074755
0.662000 172.387666 878.531616
0.662500 172.218033 878.988519
0.663000 172.048286 879.445464
0.663500 171.878425 879.902452
0.664000 171.708449 880.359483
0.664500 171.538359 880.816555
0.665000 171.368155 881.273671
0.665500 171.197837 881.730829
0.666000 171.027404 882.188029
0.666500 170.856857 882.645272
0.667000 170.686196 883.102558
0.667500 170.515420 883.559887
0.668000 170.344530 884.017258
0.668500 170.173526 884.474672
0.669000 170.002407 884.932128
0.669500 169.831174 885.389628
0.670000 169.659827 885.847170
0.670500 169.488365 886.304755
0.671000 169.316789 886.762383
0.671500 169.145098 887.220054
0.672000 168.973293 887.677767
0.672500 168.801374 888.135524
0.673000 168.629340 888.593324
0.673500 168.457191 889.051166
0.674000 168.284928 889.509052
0.674500 168.112551 889.966981
0.675000 167.940059 890.424953
0.675500 167.767453 890.882968
0.676000 167.594733 891.341026
0.676500 167.421897 891.799127
0.677000 167.248947 892.257272
0.677500 167.075883 892.715459
0.678000 166.902704 893.173691
0.678500 166.729411 893.631965
0.679000 166.556003 894.090282
0.679500 166.382480 894.548643
0.680000 166.208843 895.007048
0.680500 166.035091 895.465496
0.681000 165.861225 895.923987
0.681500 165.687244 896.382522
0.682000 165.513148 896.841100
0.682500 165.338938 897.299721
0.683000 165.164613 897.758387
0.683500 164.990174 898.217096
0.684000 164.815619 898.675848
0.684500 164.640950 899.134644
0.685000 164.466167 899.593484
0.685500 164.291268 900.052367
0.686000 164.116255 900.511295
0.686500 163.941127 900.970265
0.687000 163.765885 901.429280
0.687500 163.590528 901.888339
0.688000 163.415055 902.347441
0.688500 163.239469 902.806587
0.689000 163.063767 903.265777
0.689500 162.887950 903.725012
0.690000 162.712019 904.184290
0.690500 162.535973 904.643612
0.691000 162.359812 905.102978
0.691500 162.183536 905.562388
0.692000 162.007146 906.021842
0.692500 161.830640 906.481340
0.693000 161.654020 906.940882
0.693500 161.477285 907.400469
0.694000 161.300435 907.860099
0.694500 161.123470 908.319774
0.695000 160.946390 908.779493
0.695500 160.769195 909.239257
0.696000 160.591885 909.699065
0.696500 160.414460 910.158917
0.697000 160.236921 910.618813
0.697500 160.059266 911.078754
0.698000 159.881496 911.538739
0.698500 159.703612 911.998769
0.699000 159.525612 912.458843
0.699500 159.347497 912.918961
0.700000 159.169267 913.379124
0.700500 158.990923 913.839332
0.701000 158.812463 914.299584
0.701500 158.633888 914.759881
0.702000 158.455198 915.220223
0.702500 158.276393 915.680609
0.703000 158.097473 916.141040
0.703500 157.918437 916.601515
0.704000 157.739287 917.062036
0.704500 157.560022 917.522601
0.705000 157.380641 917.983211
0.705500 157.201145 918.443866
0.706000 157.021534 918.904566
0.706500 156.841808 919.365310
0.707000 156.661967 919.826100
0.707500 156.482010 920.286934
0.708000 156.301938 920.747814
0.708500 156.121751 921.208738
0.709000 155.941449 921.669708
0.709500 155.761032 922.130722
0.710000 155.580499 922.591782
0.710500 155.399851 923.052887
0.711000 155.219088 923.514037
0.711500 155.038209 923.975232
0.712000 154.857216 924.436473
0.712500 154.676107 924.897758
0.713000 154.494882 925.359089
0.713500 154.313542 925.820466
0.714000 154.132087 926.281887
0.714500 153.950517 926.743354
0.715000 153.768831 927.204867
0.715500 153.587030 927.666424
0.716000 153.405113 928.128028
0.716500 153.223081 928.589676
0.717000 153.040934 929.051371
0.717500 152.858671 929.513110
0.718000 152.676293 929.974896
0.718500 152.493799 930.436727
0.719000 152.311190 930.898603
0.719500 152.128465 931.360525
0.720000 151.945625 931.822493
0.720500 151.762669 932.284507
0.721000 151.579598 932.746566
0.721500 151.396411 933.208671
0.722000 151.213109 933.670822
0.722500 151.029692 934.133019
0.723000 150.846158 934.595262
0.723500 150.662510 935.057550
0.724000 150.478745 935.519884
0.724500 150.294865 935.982265
0.725000 150.110870 936.444691
0.725500 149.926758 936.907163
0.726000 149.742532 937.369682
0.726500 149.558189 937.832246
0.727000 149.373731 938.294856
0.727500 149.189157 938.757513
0.728000 149.004468 939.220216
0.728500 148.819663 939.682965
0.729000 148.634742 940.145760
0.729500 148.449706 940.608601
0.730000 148.264554 941.071489
0.730500 148.079286 941.534422
0.731000 147.893902 941.997403
0.731500 147.708403 942.460429
0.732000 147.522788 942.923502
0.732500 147.337057 943.386621
0.733000 147.151210 943.849787
0.733500 146.965248 944.312999
0.734000 146.779170 944.776258
0.734500 146.592975 945.239563
0.735000 146.406666 945.702915
0.735500 146.220240 946.166313
0.736000 146.033698 946.629758
0.736500 145.847041 947.093250
0.737000 145.660268 947.556788
0.737500 145.473378 948.020373
0.738000 145.286373 948.484005
0.738500 145.099252 948.947683
0.739000 144.912015 949.411408
0.739500 144.724662 949.875180
0.740000 144.537194 950.338999
0.740500 144.349609 950.802865
0.741000 144.161908 951.266777
0.741500 143.974091 951.730737
0.742000 143.786159 952.194743
0.742500 143.598110 952.658797
0.743000 143.409945 953.122897
0.743500 143.221665 953.587045
0.744000 143.033268 954.051239
0.744500 142.844755 954.515481
0.745000 142.656126 954.979770
0.745500 142.467381 955.444106
0.746000 142.278520 955.908489
0.746500 142.089543 956.372919
0.747000 141.900450 956.837397
0.747500 141.711241 957.301922
0.748000 141.521915 957.766494
0.748500 141.332473 958.231114
0.749000 141.142916 958.695780
0.749500 140.953242 959.160495
0.750000 140.763452 959.625256
0.750500 140.573545 960.090066
0.751000 140.383523 960.554922
0.751500 140.193384 961.019826
0.752000 140.003129 961.484778
0.752500 139.812758 961.949777
0.753000 139.622270 962.414824
0.753500 139.431667 962.879918
0.754000 139.240947 963.345060
0.754500 139.050111 963.810250
0.755000 138.859158 964.275488
0.755500 138.668089 964.740773
0.756000 138.476904 965.206106
0.756500 138.285602 965.671487
0.757000 138.094185 966.136915
0.757500 137.902650 966.602392
0.758000 137.711000 967.067916
0.758500 137.519233 967.533488
0.759000 137.327349 967.999108
0.759500 137.135350 968.464777
0.760000 136.943233 968.930493
0.760500 136.751001 969.396257
0.761000 136.558652 969.862069
0.761500 136.366186 970.327930
0.762000 136.173604 970.793838
0.762500 135.980906 971.259795
0.763000 135.788091 971.725799
0.763500 135.595159 972.191852
0.764000 135.402111 972.657954
0.764500 135.208947 973.124103
0.765000 135.015666 973.590301
0.765500 134.822268 974.056547
0.766000 134.628754 974.522841
0.766500 134.435123 974.989184
0.767000 134.241376 975.455575
0.767500 134.047512 975.922015
0.768000 133.853532 976.388503
0.768500 133.659435 976.855040
0.769000 133.465221 977.321625
0.769500 133.270890 977.788259
0.770000 133.076443 978.254941
0.770500 132.881880 978.721672
0.771000 132.687199 979.188451
0.771500 132.492402 979.655280
0.772000 132.297488 980.122156
0.772500 132.102458 980.589082
0.773000 131.907310 981.056056
0.773500 131.712046 981.523080
0.774000 131.516666 981.990152
0.774500 131.321168 982.457272
0.775000 131.125554 982.924442
0.775500 130.929823 983.391661
0.776000 130.733975 983.858928
0.776500 130.538010 984.326245
0.777000 130.341929 984.793610
0.777500 130.145730 985.261025
0.778000 129.949415 985.728488
0.778500 129.752983 986.196001
0.779000 129.556434 986.663563
0.779500 129.359768 987.131174
0.780000 129.162985 987.598834
0.780500 128.966085 988.066543
0.781000 128.769069 988.534301
0.781500 128.571935 989.002109
0.782000 128.374685 989.469966
0.782500 128.177317 989.937873
0.783000 127.979833 990.405828
0.783500 127.782231 990.873833
0.784000 127.584513 991.341888
0.784500 127.386677 991.809992
0.785000 127.188725 992.278145
0.785500 126.990655 992.746348
0.786000 126.792469 993.214600
0.786500 126.594165 993.682902
0.787000 126.395744 994.151253
0.787500 126.197206 994.619654
0.788000 125.998552 995.088105
0.788500 125.799779 995.556606
0.789000 125.600890 996.025156
0.789500 125.401884 996.493755
0.790000 125.202761 996.962405
0.790500 125.003520 997.431104
0.791000 124.804162 997.899853
0.791500 124.604687 998.368652
0.792000 124.405095 998.837501
0.792500 124.205386 999.306400
0.793000 124.005559 999.775348
0.793500 123.805615 1000.244347
0.794000 123.605554 1000.713396
0.794500 123.405376 1001.182494
0.795000 123.205080 1001.651643
0.795500 123.004667 1002.120842
0.796000 122.804137 1002.590091
0.796500 122.603490 1003.059389
0.797000 122.402725 1003.528739
0.797500 122.201843 1003.998138
0.798000 122.000843 1004.467587
0.798500 121.799726 1004.937087
0.799000 121.598492 1005.406637
0.799500 121.397140 1005.876238
0.800000 121.195671 1006.345888
0.800500 120.994085 1006.815589
0.801000 120.792381 1007.285341
0.801500 120.590559 1007.755143
0.802000 120.388621 1008.224995
0.802500 120.186564 1008.694898
0.803000 119.984391 1009.164851
0.803500 119.782099 1009.634855
0.804000 119.579691 1010.104910
0.804500 119.377165 1010.575015
0.805000 119.174521 1011.045171
0.805500 118.971759 1011.515377
0.806000 118.768881 1011.985634
0.806500 118.565884 1012.455942
0.807000 118.362770 1012.926300
0.807500 118.159539 1013.396710
0.808000 117.956189 1013.867170
0.808500 117.752723 1014.337681
0.809000 117.549138 1014.808243
0.809500 117.345436 1015.278855
0.810000 117.141617 1015.749519
0.810500 116.937679 1016.220233
0.811000 116.733624 1016.690999
0.811500 116.529451 1017.161816
0.812000 116.325161 1017.632683
0.812500 116.120753 1018.103602
0.813000 115.916227 1018.574572
0.813500 115.711583 1019.045593
0.814000 115.506822 1019.516665
0.814500 115.301943 1019.987788
0.815000 115.096946 1020.458963
0.815500 114.891831 1020.930188
0.816000 114.686598 1021.401465
0.816500 114.481248 1021.872794
0.817000 114.275780 1022.344174
0.817500 114.070194 1022.815605
0.818000 113.864490 1023.287087
0.818500 113.658668 1023.758621
0.819000 113.452728 1024.230206
0.819500 113.246671 1024.701843
0.820000 113.040495 1025.173531
0.820500 112.834202 1025.645271
0.821000 112.627791 1026.117063
0.821500 112.421261 1026.588906
0.822000 112.214614 1027.060800
0.822500 112.007849 1027.532747
0.823000 111.800966 1028.004745
0.823500 111.593965 1028.476795
0.824000 111.386845 1028.948896
0.824500 111.179608 1029.421049
0.825000 110.972253 1029.893254
0.825500 110.764780 1030.365511
0.826000 110.557188 1030.837820
0.826500 110.349479 1031.310181
0.827000 110.141651 1031.782594
0.827500 109.933706 1032.255058
0.828000 109.725642 1032.727575
0.828500 109.517460 1033.200143
0.829000 109.309160 1033.672764
0.829500 109.100742 1034.145437
0.830000 108.892205 1034.618161
0.830500 108.683551 1035.090938
0.831000 108.474778 1035.563768
0.831500 108.265887 1036.036649
0.832000 108.056878 1036.509582
0.832500 107.847751 1036.982568
0.833000 107.638505 1037.455606
0.833500 107.429141 1037.928697
0.834000 107.219659 1038.401839
0.834500 107.010058 1038.875034
0.835000 106.800340 1039.348282
0.835500 106.590503 1039.821582
0.836000 106.380547 1040.294934
0.836500 106.170473 1040.768339
0.837000 105.960281 1041.241796
0.837500 105.749971 1041.715306
0.838000 105.539542 1042.188869
0.838500 105.328995 1042.662484
0.839000 105.118329 1043.136152
0.839500 104.907545 1043.609872
0.840000 104.696643 1044.083645
0.840500 104.485622 1044.557471
0.841000 104.274482 1045.031350
0.841500 104.063225 1045.505281
0.842000 103.851848 1045.979265
0.842500 103.640353 1046.453302
0.843000 103.428740 1046.927392
0.843500 103.217008 1047.401535
0.844000 103.005158 1047.875731
0.844500 102.793189 1048.349979
0.845000 102.581102 1048.824281
0.845500 102.368895 1049.298636
0.846000 102.156571 1049.773044
0.846500 101.944128 1050.247505
0.847000 101.731566 1050.722018
0.847500 101.518885 1051.196586
0.848000 101.306086 1051.671206
0.848500 101.093168 1052.145879
0.849000 100.880132 1052.620606
0.849500 100.666977 1053.095386
0.850000 100.453703 1053.570219
0.850500 100.240310 1054.045106
0.851000 100.026799 1054.520046
0.851500 99.813169 1054.995039
0.852000 99.599420 1055.470086
0.852500 99.385553 1055.945186
0.853000 99.171566 1056.420340
0.853500 98.957461 1056.895547
0.854000 98.743237 1057.370807
0.854500 98.528895 1057.846121
0.855000 98.314433 1058.321489
0.855500 98.099853 1058.796911
0.856000 97.885153 1059.272386
0.856500 97.670335 1059.747914
0.857000 97.455398 1060.223497
0.857500 97.240343 1060.699133
0.858000 97.025168 1061.174823
0.858500 96.809874 1061.650567
0.859000 96.594461 1062.126364
0.859500 96.378930 1062.602216
0.860000 96.163279 1063.078121
0.860500 95.947510 1063.554080
0.861000 95.731621 1064.030093
0.861500 95.515614 1064.506160
0.862000 95.299487 1064.982281
0.862500 95.083242 1065.458456
0.863000 94.866877 1065.934686
0.863500 94.650393 1066.410969
0.864000 94.433791 1066.887306
0.864500 94.217069 1067.363698
0.865000 94.000228 1067.840144
0.865500 93.783268 1068.316643
0.866000 93.566189 1068.793198
0.866500 93.348990 1069.269806
0.867000 93.131673 1069.746469
0.867500 92.914236 1070.223186
0.868000 92.696680 1070.699957
0.868500 92.479005 1071.176783
0.869000 92.261211 1071.653663
0.869500 92.043298 1072.130598
0.870000 91.825265 1072.607587
0.870500 91.607113 1073.084631
0.871000 91.388842 1073.561729
0.871500 91.170452 1074.038882
0.872000 90.951942 1074.516089
0.872500 90.733313 1074.993351
0.873000 90.514565 1075.470668
0.873500 90.295697 1075.948039
0.874000 90.076710 1076.425466
0.874500 89.857604 1076.902946
0.875000 89.638378 1077.380482
0.875500 89.419033 1077.858072
0.876000 89.199568 1078.335718
0.876500 88.979984 1078.813418
0.877000 88.760281 1079.291173
0.877500 88.540458 1079.768983
0.878000 88.320516 1080.246848
0.878500 88.100454 1080.724767
0.879000 87.880273 1081.202742
0.879500 87.659972 1081.680772
0.880000 87.439552 1082.158857
0.880500 87.219012 1082.636997
0.881000 86.998353 1083.115193
0.881500 86.777574 1083.593443
0.882000 86.556676 1084.071749
0.882500 86.335658 1084.550109
0.883000 86.114521 1085.028526
0.883500 85.893263 1085.506997
0.884000 85.671887 1085.985524
0.884500 85.450390 1086.464106
0.885000 85.228774 1086.942743
0.885500 85.007039 1087.421436
0.886000 84.785183 1087.900184
0.886500 84.563208 1088.378988
0.887000 84.341113 1088.857847
0.887500 84.118899 1089.336762
0.888000 83.896565 1089.815732
0.888500 83.674111 1090.294758
0.889000 83.451537 1090.773839
0.889500 83.228844 1091.252976
0.890000 83.006030 1091.732169
0.890500 82.783097 1092.211418
0.891000 82.560045 1092.690722
0.891500 82.336872 1093.170082
0.892000 82.113579 1093.649498
0.892500 81.890167 1094.128969
0.893000 81.666635 1094.608497
0.893500 81.442983 1095.088080
0.894000 81.219211 1095.567719
0.894500 80.995319 1096.047415
0.895000 80.771307 1096.527166
0.895500 80.547175 1097.006973
0.896000 80.322923 1097.486836
0.896500 80.098552 1097.966755
0.897000 79.874060 1098.446731
0.897500 79.649448 1098.926762
0.898000 79.424716 1099.406850
0.898500 79.199865 1099.886994
0.899000 78.974893 1100.367194
0.899500 78.749801 1100.847450
0.900000 78.524589 1101.327763
0.900500 78.299257 1101.808131
0.901000 78.073805 1102.288557
0.901500 77.848233 1102.769038
0.902000 77.622541 1103.249576
0.902500 77.396729 1103.730170
0.903000 77.170796 1104.210821
0.903500 76.944743 1104.691529
0.904000 76.718570 1105.172292
0.904500 76.492277 1105.653113
0.905000 76.265864 1106.133990
0.905500 76.039331 1106.614923
0.906000 75.812677 1107.095913
0.906500 75.585903 1107.576960
0.907000 75.359009 1108.058064
0.907500 75.131994 1108.539224
0.908000 74.904859 1109.020441
0.908500 74.677604 1109.501715
0.909000 74.450229 1109.983045
0.909500 74.222733 1110.464433
0.910000 73.995117 1110.945877
0.910500 73.767380 1111.427378
0.911000 73.539524 1111.908936
0.911500 73.311546 1112.390552
0.912000 73.083449 1112.872224
0.912500 72.855231 1113.353953
0.913000 72.626892 1113.835739
0.913500 72.398433 1114.317582
0.914000 72.169854 1114.799483
0.914500 71.941154 1115.281440
0.915000 71.712334 1115.763455
0.915500 71.483393 1116.245527
0.916000 71.254331 1116.727656
0.916500 71.025149 1117.209842
0.917000 70.795847 1117.692086
0.917500 70.566424 1118.174387
0.918000 70.336880 1118.656746
0.918500 70.107216 1119.139161
0.919000 69.877431 1119.621635
0.919500 69.647526 1120.104165
0.920000 69.417500 1120.586753
0.920500 69.187353 1121.069399
0.921000 68.957086 1121.552102
0.921500 68.726698 1122.034863
0.922000 68.496189 1122.517681
0.922500 68.265560 1123.000557
0.923000 68.034810 1123.483491
0.923500 67.803939 1123.966482
0.924000 67.572947 1124.449531
0.924500 67.341835 1124.932638
0.925000 67.110602 1125.415802
0.925500 66.879248 1125.899025
0.926000 66.647773 1126.382305
0.926500 66.416177 1126.865643
0.927000 66.184461 1127.349039
0.927500 65.952624 1127.832493
0.928000 65.720666 1128.316005
0.928500 65.488587 1128.799574
0.929000 65.256387 1129.283202
0.929500 65.024066 1129.766888
0.930000 64.791624 1130.250632
0.930500 64.559061 1130.734434
0.931000 64.326378 1131.218295
0.931500 64.093573 1131.702213
0.932000 63.860648 1132.186190
0.932500 63.627601 1132.670224
0.933000 63.394434 1133.154317
0.933500 63.161145 1133.638469
0.934000 62.927735 1134.122679
0.934500 62.694205 1134.606947
0.935000 62.460553 1135.091273
0.935500 62.226780 1135.575658
0.936000 61.992886 1136.060101
0.936500 61.758871 1136.544603
0.937000 61.524735 1137.029163
0.937500 61.290478 1137.513782
0.938000 61.056099 1137.998460
0.938500 60.821600 1138.483196
0.939000 60.586979 1138.967990
0.939500 60.352237 1139.452843
0.940000 60.117374 1139.937755
0.940500 59.882389 1140.422726
0.941000 59.647284 1140.907755
0.941500 59.412057 1141.392844
0.942000 59.176708 1141.877991
0.942500 58.941239 1142.363196
0.943000 58.705648 1142.848461
0.943500 58.469936 1143.333785
0.944000 58.234103 1143.819167
0.944500 57.998148 1144.304609
0.945000 57.762072 1144.790109
0.945500 57.525874 1145.275669
0.946000 57.289555 1145.761287
0.946500 57.053115 1146.246965
0.947000 56.816553 1146.732701
0.947500 56.579870 1147.218497
0.948000 56.343065 1147.704352
0.948500 56.106139 1148.190267
0.949000 55.869092 1148.676240
0.949500 55.631923 1149.162273
0.950000 55.394632 1149.648365
0.950500 55.157220 1150.134516
0.951000 54.919686 1150.620727
0.951500 54.682031 1151.106997
0.952000 54.444254 1151.593326
0.952500 54.206356 1152.079715
0.953000 53.968336 1152.566164
0.953500 53.730195 1153.052672
0.954000 53.491931 1153.539239
0.954500 53.253547 1154.025866
0.955000 53.015040 1154.512553
0.955500 52.776412 1154.999299
0.956000 52.537662 1155.486105
0.956500 52.298791 1155.972970
0.957000 52.059797 1156.459896
0.957500 51.820682 1156.946881
0.958000 51.581446 1157.433926
0.958500 51.342087 1157.921030
0.959000 51.102607 1158.408195
0.959500 50.863005 1158.895419
0.960000 50.623281 1159.382703
0.960500 50.383435 1159.870048
0.961000 50.143468 1160.357452
0.961500 49.903379 1160.844916
0.962000 49.663167 1161.332440
0.962500 49.422834 1161.820024
0.963000 49.182379 1162.307668
0.963500 48.941802 1162.795373
0.964000 48.701103 1163.283137
0.964500 48.460283 1163.770962
0.965000 48.219340 1164.258847
0.965500 47.978275 1164.746792
0.966000 47.737089 1165.234798
0.966500 47.495780 1165.722863
0.967000 47.254349 1166.210989
0.967500 47.012796 1166.699176
0.968000 46.771122 1167.187423
0.968500 46.529325 1167.675730
0.969000 46.287406 1168.164098
0.969500 46.045365 1168.652526
0.970000 45.803202 1169.141014
0.970500 45.560916 1169.629564
0.971000 45.318509 1170.118173
0.971500 45.075979 1170.606844
0.972000 44.833328 1171.095575
0.972500 44.590554 1171.584366
0.973000 44.347658 1172.073219
0.973500 44.104639 1172.562132
0.974000 43.861499 1173.051106
0.974500 43.618236 1173.540140
0.975000 43.374851 1174.029236
0.975500 43.131344 1174.518392
0.976000 42.887714 1175.007609
0.976500 42.643962 1175.496887
0.977000 42.400088 1175.986226
0.977500 42.156091 1176.475626
0.978000 41.911973 1176.965087
0.978500 41.667731 1177.454609
0.979000 41.423368 1177.944192
0.979500 41.178882 1178.433836
0.980000 40.934273 1178.923542
0.980500 40.689542 1179.413308
0.981000 40.444689 1179.903136
0.981500 40.199713 1180.393025
0.982000 39.954615 1180.882975
0.982500 39.709394 1181.372986
0.983000 39.464051 1181.863059
0.983500 39.218585 1182.353193
0.984000 38.972997 1182.843388
0.984500 38.727286 1183.333645
0.985000 38.481453 1183.823963
0.985500 38.235497 1184.314343
0.986000 37.989418 1184.804784
0.986500 37.743217 1185.295286
0.987000 37.496893 1185.785851
0.987500 37.250447 1186.276476
0.988000 37.003877 1186.767164
0.988500 36.757186 1187.257913
0.989000 36.510371 1187.748723
0.989500 36.263434 1188.239596
0.990000 36.016374 1188.730530
0.990500 35.769191 1189.221526
0.991000 35.521886 1189.712584
0.991500 35.274458 1190.203703
0.992000 35.026907 1190.694884
0.992500 34.779233 1191.186128
0.993000 34.531437 1191.677433
0.993500 34.283517 1192.168800
0.994000 34.035475 1192.660229
0.994500 33.787310 1193.151720
0.995000 33.539022 1193.643274
0.995500 33.290611 1194.134889
0.996000 33.042078 1194.626566
0.996500 32.793421 1195.118306
0.997000 32.544641 1195.610107
0.997500 32.295739 1196.101971
0.998000 32.046713 1196.593897
0.998500 31.797565 1197.085885
0.999000 31.548293 1197.577936
0.999500 31.298899 1198.070049
1.000000 31.049381 1198.562224
1.000500 30.799741 1199.054462
1.001000 30.549977 1199.546762
1.001500 30.300091 1200.039125
1.002000 30.050081 1200.531549
1.002500 29.799948 1201.024037
1.003000 29.549692 1201.516587
1.003500 29.299313 1202.009200
1.004000 29.048810 1202.501875
1.004500 28.798185 1202.994613
1.005000 28.547436 1203.487413
1.005500 28.296564 1203.980276
1.006000 28.045569 1204.473202
1.006500 27.794451 1204.966191
1.007000 27.543210 1205.459242
1.007500 27.291845 1205.952356
1.008000 27.040357 1206.445533
1.008500 26.788745 1206.938773
1.009000 26.537011 1207.432076
1.009500 26.285153 1207.925442
1.010000 26.033171 1208.418870
1.010500 25.781067 1208.912362
1.011000 25.528838 1209.405917
1.011500 25.276487 1209.899535
1.012000 25.024012 1210.393215
1.012500 24.771414 1210.886959
1.013000 24.518692 1211.380767
1.013500 24.265847 1211.874637
1.014000 24.012878 1212.368571
1.014500 23.759786 1212.862567
1.015000 23.506570 1213.356627
1.015500 23.253231 1213.850751
1.016000 22.999769 1214.344937
1.016500 22.746182 1214.839187
1.017000 22.492473 1215.333501
1.017500 22.238639 1215.827878
1.018000 21.984682 1216.322318
1.018500 21.730602 1216.816822
1.019000 21.476397 1217.311389
1.019500 21.222070 1217.806020
1.020000 20.967618 1218.300715
1.020500 20.713043 1218.795473
1.021000 20.458344 1219.290295
1.021500 20.203521 1219.785180
1.022000 19.948575 1220.280129
1.022500 19.693505 1220.775142
1.023000 19.438311 1221.270219
1.023500 19.182994 1221.765359
1.024000 18.927552 1222.260563
1.024500 18.671987 1222.755831
1.025000 18.416298 1223.251163
1.025500 18.160486 1223.746559
1.026000 17.904549 1224.242019
1.026500 17.648488 1224.737543
1.027000 17.392304 1225.233131
1.027500 17.135996 1225.728783
1.028000 16.879563 1226.224499
1.028500 16.623007 1226.720279
1.029000 16.366327 1227.216123
1.029500 16.109523 1227.712032
1.030000 15.852595 1228.208004
1.030500 15.595543 1228.704041
1.031000 15.338367 1229.200142
1.031500 15.081067 1229.696308
1.032000 14.823643 1230.192537
1.032500 14.566095 1230.688831
1.033000 14.308423 1231.185190
1.033500 14.050626 1231.681613
1.034000 13.792706 1232.178100
1.034500 13.534662 1232.674652
1.035000 13.276493 1233.171268
1.035500 13.018200 1233.667949
1.036000 12.759783 1234.164695
1.036500 12.501242 1234.661505
1.037000 12.242577 1235.158379
1.037500 11.983787 1235.655319
1.038000 11.724873 1236.152323
1.038500 11.465835 1236.649392
1.039000 11.206673 1237.146525
1.039500 10.947386 1237.643723
1.040000 10.687975 1238.140987
1.040500 10.428440 1238.638315
1.041000 10.168780 1239.135707
1.041500 9.908996 1239.633165
1.042000 9.649088 1240.130688
1.042500 9.389055 1240.628276
1.043000 9.128898 1241.125928
1.043500 8.868617 1241.623646
1.044000 8.608211 1242.121429
1.044500 8.347681 1242.619277
1.045000 8.087026 1243.117190
1.045500 7.826246 1243.615168
1.046000 7.565343 1244.113212
1.046500 7.304314 1244.611320
1.047000 7.043162 1245.109494
1.047500 6.781884 1245.607734
1.048000 6.520482 1246.106038
1.048500 6.258956 1246.604408
1.049000 5.997305 1247.102843
1.049500 5.735529 1247.601344
1.050000 5.473629 1248.099910
1.050500 5.211604 1248.598542
1.051000 4.949454 1249.097239
1.051500 4.687180 1249.596001
1.052000 4.424781 1250.094830
1.052500 4.162257 1250.593723
1.053000 3.899609 1251.092683
1.053500 3.636835 1251.591708
1.054000 3.373937 1252.090799
1.054500 3.110915 1252.589955
1.055000 2.847767 1253.089177
1.055500 2.584495 1253.588466
1.056000 2.321098 1254.087819
1.056500 2.057576 1254.587239
1.057000 1.793929 1255.086725
1.057500 1.530157 1255.586276
1.058000 1.266261 1256.085894
1.058500 1.002239 1256.585577
1.059000 0.738093 1257.085327
1.059500 0.473822 1257.585142
1.060000 0.209425 1258.085024
1.060500 -0.055096 1258.584971
