0.1044
0.32695
0.72294
0.13293
0.53853
0.48817
0.58801
0.65877
0.36827
0.1801
0.35379
0.28561
4.3776e-09
0.56066
0.43009
0.70897
-1.0196e-10
0.5733
0.52851
0.23835
0.28431
0.55103
0.15392
0.90818
0.68501
0.40638
1.4519
0.95933
0.80722
0.32423
1.1115
0.28269
0.41092
0.42372
1.7495e-10
0.20362
0.24948
0.21929
0.15388
0.25787
1.3958e-11
0.31136
0.61194
0.72453
0.42297
0.32037
0.48642
0.50534
0.3381
0.75849
0.15156
0.57685
0.12468
0.81757
0.50243
0.11033
0.74243
0.83328
0.11233
0.35662
0.14995
3.8157e-10
0.3785
0.46538
0.71712
0.75652
0.74581
6.8882e-11
0.10809
0.50351
0.29296
0.82185
0.44775
0.21275
0.15246
0.97016
0.021657
0.12229
0.62794
0.53766
0.3498
0.27955
0.36096
0.21774
0.32554
0.53467
0.41205
0.40549
7.1113e-10
1.1076
0.36904
0.63447
0.59283
0.43073
0.1648
0.64965
-4.8841e-10
0.85914
0.74002
0.36265
1.9972e-08
0.23446
0.50792
3.6619e-09
1.1308e-08
1.2043
-8.508e-09
4.2558e-08
0.44273
0.85958
-5.9598e-10
3.8204e-06
0.23071
0.3308
1.8141e-10
0.063864
0.096129
4.0446e-09
0.1932
0.11147
-5.2837e-09
0.97615
8.3572e-12
8.9891e-10
0.57661
1.8307e-10
0.17964
0.071985
9.9794e-07
-2.7631e-08
-2.1373e-10
1.3729
0.27359
0.49741
0.47966
6.2245e-09
0.70333
3.9172e-12
-1.518e-09
2.3286e-08
6.3494e-10
6.0305e-09
1.242e-08
7.7932e-07
8.5915e-09
0.011742
0.041617
0.46231
0.45266
0.1193
8.5561e-09
-5.609e-11
-1.4053e-09
1.7528e-09
0.44906
2.1003e-08
8.6409e-09
-2.4679e-09
0.3029
1.532e-08
0.068673
1.3824
2.4511e-08
6.0101e-10
0.20542
0.57751
0.2558
0.13278
0.26387
0.65616
0.32185
3.8587e-08
1.0259
1.032e-07
0.84336
3.8176e-10
8.0895e-09
0.19017
1.1992e-09
0.73862
2.1909e-07
0.018575
0.37857
-5.5241e-10
5.5596e-08
0.24129
-1.6411e-09
0.21887
0.16158
2.7999e-08
2.7161e-10
0.012297
0.64992
8.5563e-09
0.28983
2.476e-08
1.648e-10
0.32109
4.7214e-08
0.31657
0.90281
0.82718
0.53612
0.79521
0.59986
0.54936
0.83126
0.43533
0.74243
0.51826
0.78033
0.61416
0.61252
0.32446
0.56236
0.91582
0.54592
0.6054
0.64071
0.75998
0.49398
0.73724
0.066675
0.27965
0.36421
0.88785
1.5323
0.30548
0.38999
0.21885
1.011
0.24107
0.080653
0.016983
0.52384
0.43257
0.17723
0.51994
0.46992
0.47196
0.89634
0.61397
0.74811
0.41073
0.6232
0.52226
0.47953
0.19575
0.32776
0.90237
0.16994
0.48421
0.42575
0.85978
0.37935
0.36026
0.045724
1.0736
0.53783
0.73444
0.64202
0.8871
1.372
0.48557
0.40857
0.20254
0.087596
0.83628
0.64965
0.88895
0.067417
0.37356
0.44309
0.53451
0.3559
0.78448
0.20137
0.49227
0.64817
0.13907
0.3128
0.33517
0.32281
0.63489
0.44544
0.35092
0.67717
1.6584
0.67698
0.45625
0.72014
0.43542
0.51401
0.29513
0.43583
0.53809
0.44939
1.1157
0.23265
0.34694
0.045526
0.67773
0.42255
0.35443
0.60419
1.0376
0.54646
0.43443
0.55524
0.86926
0.3197
0.008487
0.70448
0.52242
0.1965
0.84288
0.46424
0.11898
0.48826
0.78213
0.58687
0.53985
0.92649
2.6183e-09
1.0178
9.328e-09
0.26233
1.0168
0.96594
0.26541
0.60009
0.37779
0.19923
0.54439
0.024835
0.30885
0.40188
0.18354
0.75448
0.43428
0.51176
0.38943
0.93251
0.22286
0.6846
1.3386
0.34221
0.73971
0.37359
0.57921
1.14
0.98552
0.84427
0.72669
0.37353
0.30168
0.61534
0.94587
0.61859
0.66208
0.71441
0.39602
0.47885
0.81055
0.75654
0.065369
-4.7661e-10
4.1559e-10
-2.4727e-10
0.47279
1.179
0.25929
0.51012
1.3523
0.19422
0.29717
0.66224
1.1364
0.41626
0.45086
0.17869
0.47988
0.7202
0.64835
0.86991
0.70272
0.38489
0.57178
1.0676
0.39329
0.64289
0.78098
0.50618
0.9961
1.1034
1.4586
1.1693
0.45117
0.80575
0.58109
0.61393
0.33827
0.44272
1.1738
1.1633
0.69367
0.64164
0.79261
0.81956
0.024751
0.82304
0.48181
0.68814
0.69038
0.51132
0.77634
0.92621
0.36147
0.37175
0.56248
0.46139
0.14059
0.59087
0.22979
4.3005e-10
0.15903
1.0373
-2.491e-10
2.5522e-09
1.3431
0.58292
4.4877e-11
0.61391
1.3435e-09
0.38834
0.5124
0.80986
1.2071
0.24721
0.11485
0.61524
-4.8323e-10
0.13275
0.73633
0.27278
1.505
0.22814
1.2273
0.66208
1.0122
0.44738
0.32926
0.37721
0.44613
0.59909
0.41153
1.0335
0.49842
0.94867
0.82915
0.63854
0.75483
0.85266
0.24425
1.1349
0.38938
0.57022
0.67818
1.2515
0.63433
0.42969
1.0385
0.76158
0.49284
1.306
0.58509
0.73345
1.2609
1.2734
1.7828
0.6049
0.55336
0.77729
0.31367
0.97077
0.37683
0.56903
1.3207
0.49039
0.21115
0.34533
0.65997
1.1802
0.94191
0.11012
0.89858
0.39165
0.46794
0.17232
0.27838
0.89079
0.63989
0.65843
0.82575
0.43664
0.6597
1.15
0.71283
0.32075
0.31074
0.39412
0.80948
0.44697
0.306
0.8284
0.38145
0.82023
0.25252
0.78037
0.40853
0.83293
0.93714
0.33544
1.1406
0.9805
0.63432
0.24312
0.15525
0.33726
0.78756
0.095013
0.19551
-1.7995e-09
0.15161
0.26351
0.19499
0.51649
0.66053
0.19284
0.92216
1.0188
0.93824
-6.8124e-10
0.82444
1.0362
0.017547
0.018226
0.30745
1.1991
0.73991
0.85936
0.95643
0.74411
0.98734
1.1088
0.2582
1.4167
2.3229e-09
0.56424
0.274
0.36501
0.89346
0.90254
1.1178
0.94046
0.51584
0.40963
0.7811
0.07687
0.18167
1.3552
0.25693
0.11301
0.40753
0.40537
0.84837
0.43103
0.57788
0.61303
1.0011
0.50237
0.55969
-2.2555e-09
0.60412
0.49389
1.1257
0.4646
0.51863
0.72714
0.77214
0.72218
-3.0017e-09
0.92219
1.113
0.707
0.37525
0.5206
0.69985
0.36519
0.77213
0.23326
0.36062
0.57991
0.19421
0.023694
0.010893
0.35633
0.089819
0.59998
0.16832
0.2219
0.23875
0.33233
7.8018e-06
8.262e-09
-8.6648e-09
1.0788e-09
3.3619e-08
0.86532
0.60094
0.60478
0.24694
0.53217
0.84004
0.8762
-1.421e-09
0.88873
0.70413
0.58887
1.5994e-08
0.26787
0.58858
0.336
0.19865
0.63538
0.097055
0.10177
-1.7125e-09
0.18669
-8.796e-10
0.1677
0.29962
1.2155
1.5183
0.2718
1.1481
0.77914
0.86695
0.4548
0.62584
0.6732
1.0084
0.45836
0.8789
0.64458
0.43774
0.74903
1.0437e-08
1.1285
-6.3495e-10
0.95818
6.1368e-08
0.40235
0.33319
0.30782
-6.407e-09
0.54782
0.47867
0.74095
0.86887
1.2428
0.13446
0.59235
0.38962
0.58838
6.8837e-10
9.7902e-09
0.09776
0.87866
0.25193
3.7201e-09
0.9247
-2.6688e-09
1.119
0.62713
0.53688
0.93293
0.28027
0.2555
9.3668e-09
0.51908
0.93244
0.31105
0.34881
1.0233e-08
0.60926
0.64436
0.7198
0.3949
0.51243
0.16821
0.64944
0.93332
0.31653
0.13764
0.15461
0.20552
0.42321
0.28118
1.0068e-08
0.56137
4.1137e-09
0.27931
0.95531
0.47769
0.79485
1.0955
0.67836
0.17748
0.33059
0.4417
0.43092
0.40218
0.36059
2.2137e-09
-2.9316e-09
1.0094e-06
0.021877
-3.018e-09
-3.977e-10
0.054055
8.5277e-09
0.61384
0.11954
0.89089
0.30954
1.9609e-08
1.4717
0.45468
0.11558
1.0898
3.3412e-09
0.046399
0.49682
0.8086
0.45864
0.97324
0.71967
1.0443
0.81623
0.9635
0.90921
8.9539e-10
0.70432
1.3294
0.78584
1.2227e-08
0.97824
0.60209
-3.9373e-09
0.70099
1.4787e-10
0.57531
1.0087
0.23673
0.60642
0.48865
0.35292
1.0677e-07
0.55635
1.5493
0.1783
-3.9645e-09
0.086769
0.41885
-5.0011e-09
0.14407
0.30458
2.7853e-08
0.70706
0.41311
0.040757
8.2937e-10
-1.8839e-09
0.067997
0.060455
0.10278
0.19752
0.42123
0.31792
0.13523
3.4166e-09
0.79288
4.5871e-09
0.40621
1.6707
0.17897
0.028878
0.063534
0.29397
1.047e-08
0.66777
2.3803e-08
0.37192
0.39003
0.60026
4.1399e-09
3.955e-09
0.25936
0.566
0.51989
0.82672
0.69032
0.79928
6.6088e-09
0.18499
1.14
0.82431
0.27745
0.41222
0.12869
0.84434
0.7294
0.52453
0.26831
0.50429
0.76475
0.46934
0.95607
0.18924
1.2513
0.75193
1.1421
0.44622
5.5727e-09
0.57153
0.63665
0.6365
2.7734e-06
0.33522
0.68128
1.0993
0.4915
0.76914
0.076197
0.73803
3.2323e-08
0.14636
0.92764
0.99037
0.51516
0.5018
0.53109
0.11353
0.66915
0.21392
0.16533
1.064
0.41356
0.72976
0.8363
0.67634
0.39098
1.0865
0.63104
9.6781e-09
0.43004
0.70951
0.1086
0.9268
5.9123e-09
1.1653
0.34139
0.53308
4.0704e-09
0.14911
1.1168
0.23091
0.68034
0.31367
0.6132
6.9285e-09
0.42138
0.75957
0.30008
0.80898
4.1919e-09
0.69885
0.39314
0.56894
0.6322
8.8795e-09
1.0279
0.4699
0.49679
0.92307
0.90164
0.60343
0.0765
0.3738
0.71392
0.10609
0.50297
1.0403e-07
1.5889e-08
0.15987
0.6731
0.97088
0.12185
1.1534
0.28866
0.68827
0.21774
0.19672
0.033104
0.64345
0.45396
0.18461
-1.1811e-09
0.73269
0.42043
0.2359
1.3834e-06
0.27572
2.2663e-07
0.29534
1.0291
0.14861
0.36596
0.81263
1.2828e-07
0.65438
1.5601e-05
1.958e-08
1.0262
1.0218
0.62957
0.69337
1.4284e-09
0.032303
0.52007
0.38129
0.19616
2.9805e-08
2.5251e-08
0.051871
1.77e-08
0.97952
0.52305
1.229
-1.0792e-09
0.36818
5.6967e-08
0.54971
-6.7348e-10
0.078332
0.61901
0.30532
0.29575
1.3191e-09
0.13065
0.30535
-9.6942e-10
0.50507
0.14971
0.54267
0.18676
0.20393
1.2152
0.54916
0.50073
0.025922
1.1606
2.4659e-08
7.6932e-09
0.32544
0.98818
0.43691
0.59269
1.0538
0.94455
0.87263
0.78528
0.17141
0.46818
1.4543e-08
0.11609
2.1307e-08
1.1971
0.45961
0.41778
0.6002
1.0524
1.7276
0.84698
0.92394
0.77115
0.67713
0.89034
1.2013e-08
