19711.5867052 11374.2532901 8731.68644567 
14942.6533327 13857.8482871 4637.45781242 
22233.3113218 14286.4827678 11324.1405165 
15795.1035261 16264.0805524 12391.2637598 
20765.4005475 10150.2470897 8600.57431793 
7979.42260546 11712.0884998 5496.24606162 
15953.0456315 16188.4074909 11962.3836682 
17780.5746323 9268.3703877 7462.23093607 
17869.4881536 9653.92223048 3704.35111656 
14489.6845169 10687.9494488 9380.41540797 
12687.5944069 10603.2248886 10780.6390996 
22066.3573035 14591.9397921 11906.2302307 
14269.6571653 13125.9932517 6289.18660061 
18123.7160758 13743.3188764 7997.65981818 
8858.69069849 13562.5525086 4168.60247558 
12456.8639513 12762.5345002 4931.65141186 
15925.318187 14924.1833786 9468.11735534 
8842.14903081 14231.8861547 6157.95219372 
15261.255079 11559.4779361 8391.04194799 
10995.8278735 14818.6176516 4807.32565851 
