-1671.92651957 15870.4298145 -3104.21960713 
-11394.7281518 16241.8130699 -6701.57287423 
-6134.60741235 9771.55328112 2506.64395385 
-6893.82061743 15046.3389037 -5261.39450641 
-2934.34144811 15140.5166349 -3925.5529569 
-11794.7497346 19840.0647942 -6296.01389617 
-11811.2997041 13872.7546851 485.673481356 
-11570.6711932 20359.3483165 -5813.94583981 
-1761.34608572 16544.6119405 -8314.21860657 
-14462.8298073 9678.93824048 -1417.93252458 
-7702.91667651 18698.1960905 -5296.24565725 
-10411.3583437 16673.5256912 -2596.75260647 
-1089.97825476 12649.2159403 503.324697307 
-10437.2176533 13930.6777531 -2571.47840113 
-12406.2239387 16130.719539 -4312.71414245 
-12204.6338563 11766.47764 736.618685167 
-11293.0395206 11437.2693623 1001.78453406 
-7037.98569073 15747.32148 290.21829383 
