566.190780568 2.13162820728e-13 -1.56319401867e-13 
566.190780568 2.0605739337e-13 -9.94759830064e-14 
544.495619817 3.23296944771e-13 -3.12638803734e-13 
522.800459066 2.55795384874e-13 -2.41584530158e-13 
501.105298316 1.74082970261e-13 -1.27897692437e-13 
479.410137565 1.70530256582e-13 -1.56319401867e-13 
457.714976814 2.62900812231e-13 -1.98951966013e-13 
436.019816063 2.34479102801e-13 -1.70530256582e-13 
414.324655313 1.27897692437e-13 -1.42108547152e-13 
392.629494562 2.73558953268e-13 -3.12638803734e-13 
370.934333811 2.27373675443e-13 -1.06581410364e-13 
349.239173061 2.09610107049e-13 -2.0605739337e-13 
