28037.5714361 -686.817488587 39.147984009 
56476.072876 -36.9144940725 -27.9918665015 
50569.4505351 -152.045681896 -6.22132730323 
46662.9357092 -100.697469841 -132.399156411 
42231.0868281 -155.100809326 286.09639011 
59788.8678857 7.23110263303 -81.1810951301 
6742.65764169 -19.491558605 -115.497532794 
21989.8635055 254.89463524 205.703937875 
14829.5814398 -58.5634636464 -125.665922387 
33018.884394 -198.856004725 -95.2419602357 
53853.5141929 -85.7999337605 -58.0045088672 
37987.8163563 -7.8134290163 -187.679684338 
